accessionid	Allele	Longitude	Latitude
6979	Del	8.26	47.25
7117	Del	9.68	51.51
7103	Del	16.27	49.42
7199	Del	6.97	50.95
7383	Del	-123	49.3
7217	Del	0.5	48
7013	Del	13.29	52.46
763	Del	74.37	42.3
6940	Del	8.3	50.3
9766	Del	74.16	42.26
7333	Del	11.56	46.54
7382	Del	5.11	52.09
7213	Del	10.87	47.98
7096	Del	5.04	47.32
7028	Del	9.32	49.52
8426	Del	13.97	56.06
7119	Del	8.5	50
7387	Del	-2.37	54.99
7404	Del	10.07	52.6
6958	Del	3.3	46
5748	Del	-4.4	56
9995	Del	9.4	48.14
6967	Del	-0.64	51.41
7430	Del	6.25	48.62
7067	Del	15	37.3
9941	Del	-8.54	40.92
10002	Del	9.04	48.53
7120	Del	8.5	50
7162	Del	9.44	52.24
7125	Del	11.01	49.6
6042	Del	13.9	56.09
7419	Del	8.32	50.31
7332	Del	-122.2	47
7165	Del	8.29	51.35
7258	Del	8.5	50.5
7268	Del	10.98	52.7
7273	Del	13.3	51.06
6986	Del	-2.22	57.15
6243	Del	13.85	55.95
6982	Del	9.3	52.3
7077	Del	-8.25	40.12
7143	Del	5.87	51.02
6922	Del	8	50.3
7203	Del	11.57	49.63
7106	Del	13.73	51.05
7071	Del	1.34	48.07
7415	Del	9.94	49.79
8256	Del	12.9	56.4
7177	Del	15	49
7209	Del	15.23	52.73
7026	Del	-3.27	54.4
6926	Del	-85.37	44.46
7109	Del	0.5	51.3
7244	Del	8.27	50
7133	Del	8.68	50.11
9998	Del	8.82	48.44
6973	Del	13.97	56.06
7280	Del	8.2	53.17
6924	Del	-0.64	51.41
7347	Del	36	52
265	Del	-1.17	44.65
6975	Del	14.45	48.3
7255	Del	7.5	50.95
7337	Del	8.02	50.87
8420	Del	8.53	50.07
7344	Del	9.5	47.67
9937	Del	2.69	50.79
6987	Del	7.63	48.07
7287	Del	8.42	53.34
8387	Del	18	59
6931	Del	73.1	49.5
9920	Del	4.32	48.54
8386	Del	11.2	58.9
7276	Del	8.58	50.2
10001	Del	9.05	48.52
7306	Del	-123.21	49.27
7186	Del	23.89	54.9
7207	Del	135.75	35.01
6970	Del	2.93	41.72
7036	Del	9.5	50.5
7107	Del	-1.57	54.78
7063	Del	-13.48	29.21
7003	Del	7.5	47.5
7218	Del	4.49	52.16
7343	Del	13.18	52.53
7328	Del	3.03	41.78
9997	Del	9.16	48.56
7305	Del	10.61	53.48
6041	Del	14.78	56.03
7396	Del	30	52.3
8285	Del	16.28	49.41
7322	Del	34	56.3
7378	Del	7.77	48.03
7147	Del	8.68	50.58
7025	Del	11.34	44.5
7319	Del	12.1	42
6108	Del	13.12	55.8
7349	Del	14.5	49.5
7298	Del	10.51	47.04
6188	Del	14.14	55.77
7000	Del	9.57	50.92
7411	Del	10.81	47.93
8334	Del	13.2	55.71
7092	Del	2.82	49.42
6992	Del	5.3	50.3
9946	Del	-6.34	38.92
8214	Del	2	49
7372	Del	9.9	47.07
6193	Del	14.13	55.77
7223	Del	8.07	50.38
9390	Del	15.9	57.33
9914	Del	5.33	47.58
5837	Del	16.23	49.4
8357	Del	2.25	41.5
9981	Del	16.24	38.76
6945	Del	4.45	52.24
6997	Del	5.58	51.83
7068	Del	12.1	42
9965	Del	16.22	38.38
6903	Del	16.23	49.4
6189	Del	14.14	55.77
6915	Del	6.3	50.3
9909	Del	3.3	50.59
7514	Del	-86.43	41.56
9968	Del	16.27	39.27
8326	Del	14.78	56.03
9761	Del	35.7	33.92
9983	Del	12.87	41.62
9759	Del	49.47	37.47
9972	Del	11.33	46.51
7002	Del	6.1	51.33
6195	Del	14.13	55.77
8311	Del	11.5	47.5
7164	Del	12.57	55.68
7377	Del	-85.26	43.27
6990	Del	5.73	53.45
9980	Del	16.17	38.62
9939	Del	-7.45	31.48
6989	Del	-2.43	54.8
9956	Del	60.48	54.06
9949	Del	-6.93	42.69
6039	Del	13.74	56.1
9744	Del	27.59	47.16
9985	Del	23.65	41.43
7061	Del	-1.64	53.27
9412	Del	16.15	57.27
7323	Del	38.28	49
7356	Del	-83.56	41.66
9391	Del	15.9	57.33
9964	Del	16.23	38.36
7342	Del	-3.01	53.65
10011	Del	45.36	39.87
6904	Del	16.62	49.2
8259	Del	12.9	56.4
7384	Del	5.55	52.03
7058	Del	-6.2	54.1
6897	Del	1.3	45
8241	Del	13.82	55.95
7160	Del	-85.25	43.18
5757	Del	-2.3	54.6
9963	Del	16.26	39.18
9960	Del	57.56	51.31
9649	Del	16.17	39.13
10005	Del	21.95	46.11
9852	Del	-3.75	40.46
9057	Del	13.92	56.1
9944	Del	-6.36	36.83
7138	Del	8.02	50.5
9979	Del	11.23	46.36
7523	Del	-86.33	42.09
9969	Del	16.45	40.18
7288	Del	6.13	60.23
7353	Del	4.3	52.08
6938	Del	37.63	55.75
7102	Del	8.24	50.72
9962	Del	15.32	40.57
9976	Del	11.17	46.25
8337	Del	12.37	44
9762	Del	14.98	37.69
9955	Del	60.46	54.09
9758	Del	88.4	47.75
7515	Del	-86.43	41.56
6035	Del	13.74	56.1
7014	Del	-4.8	56.55
7320	Del	1.1	49.44
10010	Del	70.05	41.45
8284	Del	16.28	49.41
10017	Del	21.46	44.34
6038	Del	13.74	56.1
10009	Del	70.05	41.45
7130	Del	2.56	44.64
768	Del	76.35	42.8
7416	Del	-119.35	37.45
9402	Del	14.85	57.88
9959	Del	49.48	53.33
10004	Del	25.74	44.46
9982	Del	16.47	39.01
9966	Del	15.66	40.28
6034	Del	13.74	56.1
9323	Del	18.34	62.86
9970	Del	11.24	46.37
9987	Del	23.5	41.43
6040	Del	13.4	55.66
8283	Del	14.12	55.76
6016	Del	18.4	62.9
9733	Del	18.94	48.47
6136	Del	13.55	55.93
9957	Del	51.75	53.04
6074	Del	16.14	56.46
9986	Del	25.2	41.59
9950	Del	0.76	42.63
6036	Del	13.74	56.1
6242	Del	13.2	55.7
5832	Del	15.97	56.33
997	Del	14.05	55.38
6137	Del	13.56	55.94
9929	Del	3.71	43.92
8249	Del	15.8	57.7
7316	Del	5.57	51.97
6023	Del	13.37	55.75
6092	Del	13.22	55.65
9437	Del	14.68	56.16
6968	Del	23.5	60
8335	Del	13.2	55.71
6013	Del	18.18	62.88
8222	Del	14.78	56.03
6111	Del	13.12	55.8
6919	Del	8	50.3
8247	Del	13.74	56.07
6106	Del	13.12	55.79
7008	Del	5.68	52
8306	Del	13.74	56.1
7181	Del	11.59	50.93
7126	Del	24.57	60.2
8237	Del	13.1	55.8
6125	Del	13.31	55.84
992	Del	14.05	55.38
10013	Del	48.61	38.74
6173	Del	18.34	62.87
6150	Del	13.53	55.93
6132	Del	13.32	55.84
6201	Del	14.12	55.77
9421	Del	14.4	55.97
8230	Del	16.5	56.68
9452	Del	18.21	57.25
6140	Del	13.55	55.94
6184	Del	18.45	62.89
8376	Del	18	62.69
6017	Del	18.4	62.9
6090	Del	13.22	55.65
6107	Del	13.12	55.79
6177	Del	17.69	62.63
6148	Del	13.55	55.93
6209	Del	18.18	62.88
6142	Del	13.56	55.94
9386	Del	18.19	62.81
7354	Del	14.9	56.5
9945	Del	-3.12	41.8
9973	Del	11.28	46.37
9942	Del	-1.34	41.32
9382	Del	14.21	55.81
6145	Del	13.55	55.95
9988	Del	43.48	41.79
6128	Del	13.29	55.84
6009	Del	18.18	62.88
6169	Del	18.34	62.87
9451	Del	18.21	57.25
6024	Del	13.37	55.75
6220	Del	18.19	62.81
6241	Del	18.36	62.96
9395	Del	15.01	57.51
9409	Del	14.3	56.06
6070	Del	18.34	62.93
9427	Del	18.41	62.88
6900	Del	18.48	63.32
9058	Del	16.63	57.75
6238	Del	18.35	62.96
9947	Del	-3.9	40.74
6012	Del	18.18	62.88
6210	Del	18.18	62.88
6217	Del	18.33	63.02
6088	Del	16.13	56.47
6174	Del	18.34	62.87
6268	Del	14.33	55.58
6030	Del	18.19	62.81
6064	Del	18.28	62.95
10006	Del	34.38	44.64
8242	Del	15.79	56.15
10014	Del	48.8	38.65
9388	Del	18.19	62.81
9433	Del	18.28	62.95
9454	Del	18.52	57.8
6069	Del	18.28	62.95
9321	Del	18.34	62.86
9371	Del	18.32	63.02
5104	gbM	0.5	51.3
6981	gbM	30	52.3
9770	gbM	9.01	48.53
7418	gbM	8.55	47.37
6984	gbM	16.25	49.39
10020	gbM	16.5	49.17
7521	gbM	16.81	49.38
9369	gbM	15	57.68
6115	gbM	13.14	55.8
6112	gbM	13.1	55.8
8240	gbM	13.2	55.71
6021	gbM	14.29	56.06
6126	gbM	13.3	55.84
9399	gbM	13.99	55.42
6114	gbM	13.13	55.81
6198	gbM	14.13	55.77
8369	gbM	13.45	55.69
6413	gbM	13.97	56.06
6109	gbM	13.12	55.79
6149	gbM	13.55	55.93
6151	gbM	13.22	55.65
6102	gbM	13.2	55.6
6098	gbM	13.22	55.66
6124	gbM	13.31	55.84
6100	gbM	13.2	55.6
6104	gbM	13.2	55.7
6076	gbM	13.45	55.69
6099	gbM	13.24	55.66
8422	gbM	14.29	56.06
7516	gbM	14.33	55.58
9481	gbM	13.85	55.42
9408	gbM	13.95	56.05
6085	gbM	13.21	55.71
6202	gbM	14.12	55.77
9416	gbM	18.38	57.72
6284	gbM	14.33	55.58
9353	gbM	16.37	57.26
9352	gbM	16.37	57.26
6131	gbM	13.32	55.84
6276	gbM	14.33	55.58
7424	TEm	16.62	49.2
9801	TEm	9.01	48.54
765	TEm	73.4	42.18
7250	TEm	10.11	51.92
6909	TEm	-92.3	38.3
7062	TEm	8.27	50.3
9996	TEm	8.8	48.52
9772	TEm	8.85	48.41
6180	TEm	17.69	62.63
7394	TEm	21	52.3
766	TEm	73.63	42.58
7314	TEm	-3.42	54.35
772	TEm	72.47	37.35
7163	TEm	9.74	52.37
9775	TEm	8.79	48.41
9847	TEm	-5.7	43.31
7127	TEm	24.99	58.67
7208	TEm	-3.78	55.67
6296	TEm	16.63	49.28
6744	TEm	-73.47	40.86
7031	TEm	8.67	50.02
7413	TEm	25.32	54.68
5907	TEm	16.28	49.41
7520	TEm	16.81	49.38
9933	TEm	3.89	43.74
9590	TEm	-5.49	43.37
4826	TEm	-4.9	50.4
10015	TEm	71.3	37.29
350	TEm	4.12	46.67
8312	TEm	7.5	50.5
108	TEm	-4.07	48.52
403	TEm	16.27	49.37
430	TEm	15.5	47
5921	TEm	16.28	49.41
9725	TEm	23.08	37.6
7346	TEm	11.86	52.61
630	TEm	-72.91	40.78
6951	TEm	16.36	49.42
6907	TEm	-0.64	51.41
9648	TEm	16.28	39.48
6929	TEm	68.49	38.48
9697	TEm	23.94	41.62
6963	TEm	68.48	38.35
9731	TEm	18.9	48.46
9611	TEm	51.9	53.04
424	TEm	16.28	49.41
5874	TEm	16.28	49.41
9663	TEm	14.09	41.33
2016	TEm	-86.18	43.54
9655	TEm	16.47	38.92
6956	TEm	16.36	49.42
9629	TEm	82.18	51.35
9407	TEm	13.4	55.75
1890	TEm	-86.19	43.51
9958	TEm	49.48	53.33
9696	TEm	11.29	46.34
9728	TEm	18.9	48.46
7169	TEm	9.89	54.42
9450	TEm	18.21	57.25
9706	TEm	24.18	41.64
9404	TEm	13.4	55.75
9718	TEm	24.75	41.55
8424	TEm	77	35
9640	TEm	80.06	51.87
10018	TEm	21.46	44.34
9523	TEm	-2.66	38.37
6957	TEm	16.36	49.42
1002	TEm	14.05	55.38
6020	TEm	14.29	56.06
6105	TEm	13.12	55.8
9641	TEm	80.06	51.9
5741	TEm	-4.1	56.6
9599	TEm	-5.77	42.8
6138	TEm	13.55	55.94
6133	TEm	13.29	55.84
9953	TEm	82.19	51.33
9405	TEm	13.4	55.75
2202	TEm	-86.39	43.76
6073	TEm	15.82	56.15
9730	TEm	18.94	48.47
6086	TEm	11.2	58.9
9593	TEm	-2.99	42.26
9951	TEm	82.57	51.34
9594	TEm	1.01	42.04
6974	TEm	13.97	56.06
9585	UM	-7.39	43.4
9517	UM	-7.8	42.19
7282	UM	8.01	50.38
9788	UM	9.01	48.53
9791	UM	9.2	48.6
5800	UM	-5.5	57.4
9816	UM	9.06	48.55
8365	UM	16	49
9660	UM	14.57	40.84
6434	UM	16.25	49.39
9512	UM	-7.84	38.22
9786	UM	9.01	48.54
7202	UM	8.51	50.18
9606	UM	-7.45	31.48
9803	UM	8.76	48.42
6923	UM	-0.64	51.41
9781	UM	9.11	48.52
9790	UM	9.18	48.58
5984	UM	16.28	49.41
9661	UM	16.21	39.58
9789	UM	8.96	48.39
9810	UM	9.07	48.53
6943	UM	-0.64	51.41
8239	UM	7	51
9800	UM	9.01	48.54
9792	UM	9.09	48.54
9806	UM	9.16	48.56
9774	UM	9.22	48.59
9807	UM	9.22	48.6
5236	UM	0.4	51.2
9910	UM	3.52	50.68
9784	UM	8.8	48.5
9777	UM	9.17	48.57
9727	UM	21.62	37.63
5023	UM	0.5	51.3
8290	UM	8.5	50
9771	UM	9.11	48.56
9926	UM	4.1	48.86
6944	UM	-0.64	51.41
9911	UM	4.28	47.16
9794	UM	9.08	48.52
9782	UM	9.09	48.53
9779	UM	8.78	48.5
9769	UM	8.99	48.55
9798	UM	9.01	48.54
9811	UM	9.05	48.52
9785	UM	9.02	48.54
9608	UM	59.44	51.37
9813	UM	8.77	48.4
9780	UM	8.79	48.43
9804	UM	8.87	48.45
9591	UM	-3.59	42.86
9796	UM	8.84	48.41
5644	UM	-2.9	54.4
9797	UM	9.02	48.54
9507	UM	-7.5	38.45
7158	UM	15.5	47
5726	UM	1.1	51.3
9815	UM	9.02	48.54
9657	UM	16.04	38.45
9814	UM	8.79	48.42
5772	UM	-2.3	54.1
9778	UM	8.84	48.41
4884	UM	-4.9	50.3
5276	UM	1.1	51.3
6445	UM	16.25	49.39
9799	UM	8.85	48.39
5577	UM	-3.4	54.7
9609	UM	59.98	51.41
9515	UM	-6.89	39.72
9809	UM	9.05	48.52
7477	UM	-71.28	41.73
8238	UM	0.4	51.15
9653	UM	16.13	38.44
9808	UM	9.08	48.52
9805	UM	9.09	48.54
9544	UM	-5.33	39.4
9503	UM	-3.21	55.89
7327	UM	3.03	41.78
9560	UM	-6.24	38.19
6933	UM	2.49	41.59
9768	UM	9.16	48.57
7373	UM	136.31	34.43
9511	UM	-8.02	38.53
6966	UM	-0.64	51.41
9510	UM	-7.59	38.75
9537	UM	-6.66	38.07
9526	UM	2.39	41.54
9726	UM	22.04	37.07
9924	UM	4.24	48.59
9312	UM	-5.15	57.9
9776	UM	8.79	48.43
8077	UM	-86.74	41.34
9719	UM	25.69	41.83
8244	UM	2.31	48.61
8419	UM	25.32	54.68
8354	UM	56.32	58
9578	UM	-6.7	42.13
9314	UM	-3.97	57.97
9573	UM	2.99	41.86
9104	UM	46.28	41.83
9522	UM	-5.27	36.52
9508	UM	-7.11	40.04
9597	UM	-2.53	42.31
9596	UM	-7.45	41.95
9128	UM	45.36	39.87
9541	UM	-5.42	38.26
870	UM	-86.44	41.83
5353	UM	-3	54.5
9529	UM	-3.36	36.97
9130	UM	45.36	39.87
9793	UM	9.16	48.57
9131	UM	45.36	39.87
6971	UM	2.93	41.72
9737	UM	22.62	45.95
9699	UM	23.14	41.37
9749	UM	22.29	43.54
5893	UM	16.28	49.41
9519	UM	2.64	41.94
9134	UM	45.36	39.87
9556	UM	-4.34	39.66
410	UM	16.35	49.42
351	UM	4.12	46.67
5950	UM	16.28	49.41
9534	UM	-4.65	40.05
9617	UM	59.44	51.37
9645	UM	18.7	45.17
9783	UM	9.05	48.52
9559	UM	-4.38	38.06
9658	UM	16.34	38.97
9659	UM	14.18	41.18
9595	UM	-5.5	40.89
8132	UM	-86.51	42.04
9521	UM	2.13	41.43
9713	UM	25.61	42.49
9739	UM	22.33	46.01
9723	UM	23.67	41.42
932	UM	-71.14	42.36
9506	UM	-7.47	40.11
9644	UM	18.72	45.07
8233	UM	-87.19	41.19
9125	UM	44.82	40.14
9628	UM	82.54	51.33
1853	UM	-86.27	43.6
6976	UM	14.45	48.3
9610	UM	51.96	53.04
9547	UM	2.62	41.67
9626	UM	82.59	51.36
9704	UM	23.39	41.53
9741	UM	23.16	45.84
9612	UM	51.94	53.04
9613	UM	61.41	55.36
9565	UM	-1.23	42.97
9600	UM	-6.04	39.85
9639	UM	80.31	53.82
5151	UM	-1.7	52.2
9938	UM	2.99	50.65
9624	UM	79.37	53.6
9620	UM	79.48	51.82
9698	UM	23.85	41.57
9743	UM	25	45.14
9990	UM	46.28	41.83
9915	UM	3.94	47.45
7033	UM	-122.76	41.36
9932	UM	4.33	44.12
9527	UM	-5.74	40.37
9601	UM	-1.88	41.85
9928	UM	3.77	44.12
9633	UM	80.83	51.63
9589	UM	-2.83	41.6
5210	UM	0.3	51.2
9721	UM	25.33	42.72
9533	UM	-4.32	41.15
9925	UM	4.52	48.91
9643	UM	79.31	52.1
9579	UM	-3.51	38.33
9588	UM	0.6	42.11
9668	UM	11.28	46.37
9630	UM	82.16	51.34
9700	UM	23.1	42.32
9736	UM	25.17	44.69
9525	UM	0.54	42.49
7947	UM	-86.33	42.09
9622	UM	85.27	52.52
9714	UM	25.75	41.84
9637	UM	80.85	51.77
9619	UM	79.48	51.84
9514	UM	-4.54	39.15
9562	UM	2	41.67
2276	UM	-86.5	43.67
9635	UM	80.6	51.87
2278	UM	-86.5	43.67
9584	UM	-3.58	41.19
9615	UM	52.16	52.99
9642	UM	80.06	51.84
9748	UM	21.71	44.23
9665	UM	11.28	46.36
4807	UM	-4.9	50.4
9518	UM	-0.36	39.88
9638	UM	80.86	51.73
9343	UM	18.15	57.31
9540	UM	2.34	41.81
9627	UM	82.55	51.32
9535	UM	3.19	42.31
1925	UM	-86.18	43.53
9583	UM	-3.38	37.09
9543	UM	-5.39	36.77
9632	UM	80.82	51.67
9598	UM	-6.51	41.88
9561	UM	-5.04	40.71
9531	UM	-4.54	41.21
9582	UM	-1.63	41.48
6920	UM	9.94	51.53
9671	UM	11.28	46.37
9569	UM	-6.45	42.87
9634	UM	81.31	54.13
1829	UM	-86.51	42.05
9524	UM	-0.56	42.52
9592	UM	-5.44	42.1
1954	UM	-86.17	43.52
9545	UM	-5.78	39.4
9625	UM	82.59	51.31
9587	UM	-1.88	41.5
9567	UM	1.3	42.34
9554	UM	-3.16	38.86
9553	UM	-4.71	41.58
9576	UM	-4.11	40.86
9549	UM	-3.69	42.23
9542	UM	-4.05	40.79
9607	UM	52.15	53.05
9532	UM	-4.64	42.23
9568	UM	-0.23	42.76
9557	UM	0.7	42.46
9558	UM	-5.64	41.57
9581	UM	-5.12	42.84
9520	UM	-3.68	41.7
9716	UM	24.98	41.54
9551	UM	-5.92	42.28
9530	UM	-4.32	38.25
9577	UM	2.17	42.34
9550	UM	-5.37	43.05
9636	UM	80.82	51.75
