<Covariate>							
<Trait>	Q1	Q2	Q3	Q4	Q1	Q2	Q3
88	1.6772212	-5.135693	-2.463229	1.7267647	-4.0068135	-3.369369	-1.1577839
108	3.9071352	-6.6531897	-2.5715568	-2.077825	-2.7448351	2.5914178	0.047739826
801	1.756563	-12.755145	-1.1362313	-4.92563	0.9988902	-0.7067941	0.8334938
915	-2.253061	-0.8660742	0.18099174	4.8025384	-0.8081364	-4.570744	-4.025044
1853	3.6902096	-2.3148918	0.71833664	0.4048535	-4.41816	-5.7344346	2.6741536
1872	1.592424	-8.09568	0.27290037	-3.1987498	-2.374354	-0.5353698	2.265797
2017	0.5840219	-9.583147	-0.7930774	-0.2265405	-2.9622056	-8.369453	1.8891046
2171	9.232053	-4.2025566	-3.566104	1.7110705	-2.0679672	-4.668022	-0.7960404
2276	1.9866227	-6.5868607	-0.40482435	1.0805362	-4.677608	-5.2897353	0.63881266
4826	4.0845366	-3.8966765	-1.2700502	1.8992974	-3.590831	-2.1353006	-2.2590928
4840	-9.310692	-5.3639784	2.2375584	2.1926916	-2.9966257	-2.7061608	-2.1441622
4857	-4.694682	-8.725421	2.2564173	1.1868174	-3.6640947	-3.6209333	-1.189175
5165	-3.4730136	0.28816184	3.257051	0.4499166	-2.3103108	0.47379193	0.7896482
5279	0.43545526	-8.847005	-1.2808038	0.33107087	-3.0536103	-5.3857207	-1.280513
5395	-2.8002384	-7.18116	1.1959395	1.6834322	-4.430922	-4.194408	-0.9979081
5486	0.6102225	-4.3263373	1.1390306	2.4464035	-2.6033568	-2.7009525	-5.2189517
5720	-5.791545	-3.1597724	-1.9715813	-0.12999949	-3.1949813	3.0084805	2.0780785
5741	3.5579634	-10.652813	1.4148377	-0.38353786	-0.8993813	-0.1882905	0.73048085
5779	-4.826112	-7.2137475	-2.8946588	-0.3891177	-3.742647	1.380534	-1.5732218
5784	-5.6748147	-8.374549	0.46150067	4.9452047	-0.25191933	-0.17028998	1.5302007
5811	-2.2568207	-8.054753	0.06536938	5.107843	-1.5054433	-4.0488524	-0.6170169
5822	-35.303787	1.2100434	-20.096073	9.959739	8.282016	-2.3523533	1.5030105
5874	8.096113	-1.8929536	-1.3976668	2.1931283	-2.6554067	-0.7249826	-3.1095617
6008	8.969171	3.444679	-1.6749142	-0.9707885	-1.6232941	-0.6307862	-4.0947266
6296	5.4050355	-5.058812	3.077112	-1.6749676	-0.97040254	5.274373	-0.5695324
6396	7.8734336	-2.7500439	0.5051171	2.0078917	-2.327497	-1.6119183	-3.5818117
6908	1.1879183	-6.3750515	-1.6516826	1.3064884	-3.8847454	-3.7316835	-1.4673742
6920	-14.494326	-3.5669143	3.9941168	3.834753	1.3223213	1.937367	2.0638163
6927	4.7796955	0.14958987	0.43372527	-0.17705841	-4.664113	-4.801985	5.330318
6933	-11.7859125	-5.632283	-5.086138	0.42778933	-1.1789229	3.3393612	-0.7179383
6957	5.1885095	-5.2425456	-1.9979007	1.9687773	-2.0518894	-3.088994	-4.637546
6960	-9.681388	2.6953895	4.172038	0.02779791	0.17811215	-2.1074562	0.8739048
6966	-4.101375	2.3993669	3.067694	-1.7558792	-4.016493	-3.97647	1.2518731
6969	11.697186	3.2853048	-3.1027648	2.8450394	1.0697616	-0.15559989	0.46179396
6973	10.375149	0.38457447	-2.5061145	1.9982674	-1.521069	-1.1285868	-3.2935936
6976	12.229468	1.5676488	-2.8485808	0.64100915	-0.83792	1.3365077	-1.2365053
7033	3.3563294	0.921508	3.3702044	-1.0247042	-3.6825383	-6.398194	4.0743585
7063	-28.89381	0.48749277	-16.214396	5.764293	3.2183669	4.803463	3.1964486
7081	0.25979078	-11.477285	-0.13521443	-0.019137692	-1.3038495	-0.91119605	-1.6876167
7111	-3.3203955	-8.151515	2.9409144	5.0814548	-1.545153	-4.271615	-0.12790169
7213	-4.6977153	-10.719057	2.1167018	-2.7150264	1.1028088	3.188793	-1.9181937
7231	2.4120154	-4.038749	1.326829	3.5188777	-2.2861261	-2.8763037	-1.4914834
7296	-0.94199884	-10.07804	2.2205353	1.8076961	-1.0395263	-1.5663344	-2.250983
7372	4.4068265	-9.482525	-0.03398297	-1.7649289	-2.0723767	-2.1416826	-2.0817084
7417	9.396631	7.367995	-3.9355729	-2.4090214	-1.2400182	-0.8126914	-0.32984602
7430	-10.198566	-7.3011684	-1.5713527	5.340769	-2.4216058	-4.130377	-2.7846198
7525	6.0417447	-0.002020621	-4.1974273	-0.061365876	-5.3121195	-2.783278	0.77250326
7717	1.1442024	-5.8600855	0.7667238	-0.22033004	-3.5909293	-1.4348453	-0.08617047
8234	-4.859934	-4.163706	0.04982856	4.088293	-1.9503857	-0.25488907	-1.9731659
8235	12.15033	-3.1316211	-3.0018444	3.1247013	0.3085963	-2.430332	-2.3081923
8238	-0.6725699	-1.614295	2.2676249	2.4131403	-2.0407712	0.75683534	-1.6017228
8243	3.3511527	-4.6913977	-3.898236	2.184188	-3.1948204	-4.000971	-2.885829
8284	11.941655	0.6931177	-4.0170403	1.506897	-1.7442445	-1.9430281	-3.831513
8297	-0.8040572	-2.5762224	-0.9933219	1.1238022	-4.9532003	-1.0232755	-1.3161427
8334	11.792467	-0.44784296	-2.195292	2.1570313	-1.8091521	-2.671271	-2.767969
8351	7.339718	-2.009939	-0.10777987	1.1469326	-1.4353391	0.14564921	1.8148433
9067	9.752499	-3.872458	0.7846933	-0.036295313	1.3256474	2.8479276	1.585091
9078	-2.3320324	-9.70985	-6.9438124	-6.1723614	2.3356888	1.3332556	-0.49192643
9079	-11.017594	-5.656902	3.0606186	3.7741764	0.8752011	-1.0008701	-0.3825724
9085	-6.0496383	-6.6655493	2.4230492	3.4322033	-0.50807226	-1.4736869	-0.46973753
9100	-0.18591768	2.3802967	-6.567051	-0.506212	-3.871308	-0.28261498	-5.391644
9102	0.86878836	-10.197352	-2.5695117	-2.5820763	-1.6623646	-0.92641836	-2.1685135
9121	16.457874	0.119689256	-5.5060763	1.2124617	1.8340715	1.3440764	0.7524563
9128	11.026236	-3.6146452	-1.6470293	-1.5569992	1.70797	4.449336	-1.7730055
9130	5.708958	-9.205211	-0.25521109	-3.8342304	2.3042367	2.902721	-1.1947339
9622	0.81619394	2.3356073	1.5935669	-0.4977388	4.541996	2.0143204	-4.6179094
9624	-17.339254	2.6641386	4.5343323	0.99108076	10.319449	-2.3519113	-6.1501164
9630	-17.211395	-8.199244	-1.9305568	3.2779186	5.156502	5.411392	-3.1247833
9642	-0.65856624	-6.097941	-1.10371	-1.6742862	3.298664	4.745248	-3.2369297
9663	14.538608	0.68651783	-4.73424	-0.79751146	-0.07445714	2.8768325	0.489368
9665	-4.5245724	2.7410076	1.8627036	-0.6029272	1.7466415	1.2533038	-1.6754378
9689	-9.141448	2.2720523	-3.293878	1.8765048	-0.5936341	4.324092	-2.169205
9720	-2.9392922	-13.457715	-1.3846246	-4.1187367	1.262517	0.7766962	0.49439907
9725	-10.7590475	-4.0814877	-5.471815	-1.7438192	-1.2388179	5.922405	-6.3119164
9731	-1.8137246	-10.536639	2.3237362	-3.2079604	-0.75816596	3.743301	-0.27341
9735	4.3683567	-2.2869523	1.6888574	-0.8833293	-0.22468527	4.3274713	-3.267952
9748	-6.445214	0.5295389	3.2272577	0.011252719	-1.2555727	2.320978	-0.11811384
9762	-5.128192	5.189949	-2.7109635	0.5261273	2.4448462	-0.60014194	1.8625095
9909	2.7353032	-5.047955	-0.9751631	3.5668378	-2.5794716	-2.9330163	-2.7209868
9911	0.1221371	-1.1703321	0.44507578	1.8830615	-3.0001605	-2.7058163	-2.29826
9918	7.859434	-0.9875089	-6.158545	4.0454216	-1.8826593	-4.904181	-2.0897133
9925	9.334968	2.8716981	-1.0241303	-0.2534263	-1.6511528	-1.9573472	2.1928155
9955	-5.5768332	0.059152626	-2.7095692	3.6568651	1.5414631	-1.154001	-6.640577
9959	-7.956217	1.2793789	4.919474	1.328718	6.2282596	-0.19011551	-4.545761
9960	-0.42762306	3.7231126	-1.073492	1.2564758	4.4568324	-1.4114448	-3.166246
9968	-2.182346	-6.910121	3.348635	3.2542233	-0.8552665	-2.2379797	-0.41166192
9970	6.9480047	-7.288971	-3.3128824	-1.6790648	0.092999466	-2.679653	-1.7345086
9979	14.702514	3.5237863	-9.717223	2.059105	-0.23584637	-3.2240868	-3.8729074
9982	4.505856	4.5844364	-1.9839007	-2.0329375	-1.0276229	-1.38873	-1.3742505
9988	1.1077856	-9.202777	3.009705	2.536728	0.07824082	0.3019545	-1.129784
9993	9.388854	-4.28392	-11.235642	-3.890321	2.3846822	0.099239044	-2.2406895
9995	-1.8517599	5.560618	0.089099504	-3.4005866	0.8143398	-2.7248707	-0.7550944
10002	-1.3863169	-2.2565956	-0.12586448	2.2547123	-4.1503825	-2.8900166	-1.5164698
10005	-2.9942858	2.6150148	3.119482	-0.10503854	0.87446046	-1.1113987	-2.2858396
10008	0.5489024	-4.7137713	1.944345	4.0248137	2.4202487	-0.41676924	-4.637146
10001	-4.587128	2.9852872	2.5010438	-1.9490958	-2.75172	-0.10062215	-0.059235185
10004	-1.8634855	3.8614838	3.2215114	-1.4014552	0.95681375	-1.3859575	-3.7362237
10006	-4.574987	1.7640979	-2.8655071	0.37551007	-1.7479669	2.620967	-0.113586955
10010	-13.075707	6.640219	-3.059604	-1.1158326	6.3851995	-2.6716533	-5.3114533
10011	16.818571	5.473837	-2.9103856	-0.11956745	6.4224463	0.42231873	-1.4028736
10013	-2.691436	0.60191715	1.6938854	1.0089154	0.489104	1.2140907	0.5928646
10014	10.79436	0.40604392	0.89202404	0.5583378	1.5591038	2.0369174	1.8427926
10015	12.437228	5.838846	-1.631761	-2.1879506	5.3538065	0.93928283	-4.1482635
10017	-0.144476	0.19946545	6.684411	-0.4789643	-0.27745768	0.9281701	0.7860316
10018	7.2737217	3.2416992	2.4443905	-0.17822012	1.0245721	2.0558298	-1.517454
10020	11.816349	4.8986816	-0.20521209	-1.1316653	0.3412521	1.748305	-1.9404367
10022	4.059336	0.0349809	-0.24737488	-1.0219746	-1.7842588	4.1983643	-1.3058727
10023	-9.565151	3.8334038	0.63305736	-0.74375176	1.4777639	0.13900942	-0.42437294
1002	-3.7352784	-2.1750538	4.4221683	0.9144162	-1.5574346	5.0814457	0.40191272
1066	-1.4831878	2.3511286	4.8118253	-0.554233	0.10056019	-1.0987343	-0.5286338
1158	-6.0285335	-0.12742467	-1.2260976	-1.5233511	-2.706817	4.528712	-1.9091522
159	-1.364761	-1.4028236	1.1576304	2.3756158	-2.007094	-1.251119	-1.8651006
1829	5.66329	3.7460947	0.51042396	-2.157825	-2.2844203	-3.7638357	2.3087564
1890	3.466571	6.1331363	-5.156262	-0.70477444	2.3167727	-0.5615685	-6.999135
1925	3.4078672	3.4400847	2.6970289	-1.7393578	-0.24857655	-3.0944633	2.6068084
1954	3.090354	4.0953074	3.5488708	-2.744805	0.8747078	-4.9167876	3.6195643
2016	1.2908692	3.7757418	3.4166522	-1.800018	0.97915775	-1.4431037	-0.050929062
2202	5.3995442	3.328213	3.0897799	-0.9217125	2.4101381	0.7850648	0.06201433
2278	2.1388083	3.9932938	3.8870337	-4.3201203	-1.8350744	-6.337062	5.0031075
2317	2.2544813	5.640806	-0.3234069	-3.6720438	-2.036371	-2.6507874	-0.38336858
265	-12.484237	-0.8912605	-0.54514277	1.5223273	-1.3728245	3.5598052	3.112089
350	-1.6099361	-4.080841	-0.13444512	1.1267651	-3.8671408	-1.3459336	-2.309522
351	6.4661636	4.2336435	-1.1135119	-1.296902	-1.339067	0.22144823	0.17502713
403	9.100494	4.4914126	-1.3584669	-1.683125	-1.2894568	2.6835554	-3.0369327
410	8.97242	5.1350045	1.8789244	-1.5429473	1.6205633	0.85122824	-0.85634685
424	12.146799	5.662153	-0.07532347	-1.8790532	0.023938185	0.55957204	-2.0456648
4807	-1.069946	1.6519611	-0.2368497	-0.9546054	-2.547221	0.523906	0.23153673
4884	-5.5005093	1.0102011	3.627844	-2.37529	-3.9348764	-1.6847069	1.9770534
4958	0.8663956	-3.1509786	1.606013	0.23733416	-3.6893487	-0.06269096	-1.009683
5023	-3.169495	1.9890177	2.437902	-3.218417	-4.222635	-3.2828157	1.5880203
506	2.2943575	-4.4765368	1.7425691	-0.6125014	-4.16605	-5.030446	5.01403
5104	-2.9030113	-2.672039	3.4431157	-2.090094	-1.4646598	3.8995466	-3.4855325
5151	10.692184	3.7737527	3.0318503	-1.7907903	1.2244326	-0.31878108	1.8975966
5210	-6.084941	4.3155036	3.6366994	-2.9508045	-0.1717807	-3.1744795	1.8274213
5236	-3.618011	3.9421568	4.8086104	-5.0369577	-3.253638	-6.6771116	3.497655
5249	-3.320471	3.8241928	3.247922	-4.181576	-1.2297347	-4.3695054	0.6206223
5276	-4.3297625	2.9881728	5.188767	-4.6082544	-2.8831644	-5.6367965	3.6308336
5349	-1.3216566	5.3655577	1.1266528	-3.1458	0.38254416	-2.2101445	-0.34293544
5353	3.4888952	5.0950174	-0.76805234	-3.9741666	-3.5623205	-3.9488478	2.5029993
5577	-2.2574897	3.0750318	2.5229714	-3.408497	-4.1769805	-4.134261	3.6943243
5644	4.8880115	4.5007052	-1.2401465	-1.5634147	-1.6077684	-0.7616633	1.5296683
5717	-2.779712	1.9466362	3.6176605	-2.4108632	-2.9243927	-1.9586614	-0.056056798
5726	-3.9803112	-5.8283634	3.380319	-2.5806584	-4.8977656	0.8225382	2.398088
5757	-4.3241405	-0.92490035	2.5600383	0.89431715	-1.4869493	-1.3240346	-1.7878008
5772	3.745915	4.2026396	3.7529402	-2.4181209	-0.03858222	-1.3987182	0.23657702
5800	0.8288102	-0.49020284	0.6263528	1.6649166	-1.4954191	-1.2808766	-1.26253
5837	13.108244	6.179376	-0.9943467	-1.6976665	1.5405793	0.36598867	-2.5159166
5860	-1.8304387	2.5172231	3.0077813	-0.5166173	-0.06094378	1.1125895	-1.2305021
5890	13.240044	3.0262332	-3.3000674	-0.7953092	-1.6599108	1.6033586	-3.812028
5893	7.217126	5.6195545	0.17786618	-3.3932593	-1.3622538	-0.50667447	-3.2809575
5907	2.7641203	5.293188	2.1787767	-3.9951522	-0.43939635	-0.8402554	-4.0015345
5921	9.109951	2.337811	0.5686222	-1.5138417	-1.9473598	1.549954	-2.1625078
5950	11.983934	6.17903	-2.584243	-2.2510173	0.16592936	0.17256574	-2.7935598
5984	12.48561	6.28563	-1.9878578	-1.0076535	-0.5187637	-0.36798203	-2.1281495
5993	12.636286	6.0206795	-1.4957443	-2.1464155	0.94092995	1.3655695	-2.979336
6009	7.1109023	-1.025786	3.6022062	1.7586312	1.6064186	3.3058777	3.3625622
6017	12.121216	-3.2602303	2.0737267	2.7308028	3.9992478	5.169582	5.279498
6019	2.8105614	2.1106489	2.8937805	0.45244214	-0.4228231	1.8649824	0.7421825
6020	0.11634304	-0.29033852	4.5875525	0.7480049	-1.6118114	1.8514104	0.96475995
6024	-0.7223245	-2.5663638	2.8424058	2.0507424	-3.3402212	4.226023	-0.19360432
6025	10.9276285	4.39454	-1.687667	-1.3779559	0.7278925	1.9074848	3.1581016
6035	11.73579	4.062454	2.6135278	0.18787916	1.671782	0.7440557	0.84832466
6038	7.436418	4.144628	0.24216911	1.3969886	1.0880554	0.03552628	-0.012901165
6041	-2.3087742	0.6147663	5.9818444	3.8708012	3.8863165	-0.16900131	2.4092355
6064	18.569988	4.4242525	0.4225465	3.83159	6.4446573	1.5865797	5.470482
6073	-4.5924864	-2.2016473	1.0169222	0.91444856	-1.9635576	4.744157	-0.15920918
6086	2.4903498	4.1182623	-4.031923	-1.7990357	-3.948872	2.097642	-0.16165386
6099	-3.0201638	-1.8872674	4.482804	-0.736892	-1.3136283	3.8744252	0.07471544
6106	-7.4063497	-1.494622	4.1988907	1.3726143	-2.4068258	3.4146032	0.08294636
6107	-1.4381722	-0.51636577	3.1495836	-0.7854575	-3.7132454	1.4873571	-0.21881333
6108	-3.8763292	3.3483605	2.9454439	-1.4272134	-2.3416743	-1.1983593	0.92463833
6111	1.7477317	-6.280216	2.3997881	-1.427182	-0.20371689	5.750827	1.666298
6133	-6.3060303	-1.5379605	3.8923995	2.271049	-3.2881355	3.0810325	0.070841886
6137	1.882281	2.0260243	1.1742002	1.2934738	-1.5494218	2.0418713	0.32151064
6138	-1.2946174	1.305556	3.9231915	1.0247692	-0.88647926	1.6315478	1.0349256
6140	7.0327716	1.7361256	0.056634154	1.8204823	-1.2655032	3.065348	-0.94952285
6145	4.343355	2.916705	1.3131444	0.41241768	-1.6792917	0.8314906	0.10139966
6148	0.42835128	2.5883503	3.5109391	-0.016133403	-0.5906673	0.06334843	0.105923325
6154	8.633717	4.261055	-1.5407884	-1.4926519	-0.13173231	1.3737897	2.8732698
6163	8.750609	1.2291714	0.2069387	0.16430728	-0.040232122	2.8839502	2.8791065
6166	9.823991	2.9086843	1.1851727	-0.20557734	1.3187674	1.7401193	4.0795116
6169	4.5991073	0.01997818	2.2982695	0.5001171	0.73874587	2.1573346	2.4118445
6174	6.3438134	-5.5560217	3.5960445	0.54378915	3.0343568	3.841848	4.6097846
6177	14.863395	3.0944855	-0.019837856	0.9523189	4.2193832	4.709614	3.6610143
6195	-1.6425016	-6.144565	0.013428714	-0.4884593	-1.1038176	4.6548343	-1.1350234
6198	-8.320498	0.86224204	3.4702365	1.3838142	-0.17653593	1.708583	0.014467051
6201	-5.120001	1.1413177	4.6286993	1.2458729	0.49755192	1.0975238	0.18681951
6203	-9.645733	-1.8787113	6.2076774	2.2302935	1.1421158	3.3118677	1.247536
6218	15.076754	3.9253616	-1.848953	1.001892	1.4659026	2.6539567	1.7076718
6220	13.631335	3.5615246	-2.5495987	2.6211495	4.824001	4.0933824	3.0662012
6241	13.468088	3.1970818	1.8310441	1.5347741	5.3708687	2.7198658	4.115098
6255	16.228329	0.4067384	0.23363546	0.24860047	3.7764509	4.2397113	3.190041
6268	17.542551	4.4974627	0.3660091	1.7018266	4.7878923	1.1156024	4.0033793
6284	3.3009698	-2.5506754	5.004868	0.07658943	-0.9005424	5.248172	0.34950393
630	0.32548308	-4.3142447	0.89017826	1.6306982	-2.4020395	0.071170755	-0.57712567
6390	9.657016	3.986563	2.2057521	-0.72830385	1.3298836	-0.5320978	-1.2573678
6434	-4.2504272	2.8321056	5.8705792	-2.6319675	1.695512	-2.5566797	-4.0082803
6445	9.356096	5.3383327	1.5438627	-2.9550145	1.4509085	0.2557607	-2.1578236
6680	-3.891279	1.7716792	4.4679337	0.083093464	-0.23494677	-0.34462473	0.8526024
6744	7.1946564	4.382571	-0.23819032	-1.9306097	-1.2523255	-3.2395108	2.524306
6830	-0.101312496	1.9275957	4.8780904	-1.189129	2.0435078	0.9325134	-4.3918543
6900	17.25048	-0.021066522	-0.7883683	3.5848465	4.346172	4.794839	4.3272033
6907	-1.0451313	1.9069327	6.175764	-1.0591131	1.2718496	-0.681822	-1.9588537
6917	-7.845529	-2.5409997	10.105441	3.9195895	4.0561805	1.7669517	3.3094132
6923	-1.5811367	3.566935	2.6328037	-4.348427	-3.8253567	-5.1274576	2.2565932
6943	-4.0202026	3.5344968	3.3771837	-1.5598352	-2.7308152	-2.9114983	2.1589708
6944	-2.056315	1.158825	4.4506717	-2.0222847	-2.9414923	-2.681846	3.2059443
6956	6.744592	-0.28184274	-0.18907401	-1.1033164	-2.2805798	3.1315644	-3.189013
6959	-9.529076	2.6356733	3.8829725	-0.66941434	-1.3738595	-2.2483969	0.99625796
6970	0.41571715	5.0125666	-4.0653915	-1.3604453	-1.1487291	0.12784056	-0.7785918
6971	0.5073904	7.6902423	-3.899379	-3.2416	-0.36913028	-1.3546351	-0.10664912
6974	-4.4061666	-7.194126	2.8389044	-0.38821396	-1.625306	4.9581122	0.1116204
6979	5.4935517	2.1755407	-0.54194075	-1.2167747	-3.036082	3.0139968	-1.6521019
6989	0.82106984	1.2199136	2.0985107	-0.39440057	-3.0553794	-0.4128509	2.5884655
6992	-1.1517372	4.290598	1.8681486	-2.9416	-1.9604237	-1.5303262	1.035422
7013	0.995013	3.1238678	4.5520153	-0.8566119	1.0508132	-0.6049567	-0.123667
7026	6.302803	-2.482971	4.0582685	-2.1590152	-2.144618	5.1820097	-1.1053603
7028	-6.131203	-7.310906	5.1686306	0.8073206	-0.051228613	4.8100924	0.029799214
7058	-5.008551	3.563902	-1.7726005	-1.4146268	-1.8302757	-1.1258059	2.4561396
7067	7.965615	4.3919597	2.4396334	-3.0847223	-1.4628339	-0.38855436	-0.9244433
7068	3.6113062	6.351733	-5.9625554	-2.1038146	-1.7670373	-0.3176422	-1.9250662
7094	-4.8271494	2.1417985	3.9353666	0.7424377	1.1588805	-0.7375228	0.8972693
7102	-13.452032	0.12111379	1.3418131	2.0740156	-0.97480744	0.6193545	-1.0683677
7103	8.518851	4.358757	1.5928829	-2.2872238	-0.45495957	0.98244005	-2.5447607
7106	5.4993196	2.6720552	1.2144531	-1.206482	-0.077701025	2.2755847	-1.9400903
7107	-2.6729221	0.0687033	3.2120082	-0.8551643	-3.1754289	-0.41890115	0.27419627
7119	-0.79817665	-1.0822523	2.9689841	-1.2894409	-1.7720084	4.143769	-0.30624512
7158	-4.2650156	-8.94078	-3.7349737	-4.859027	-4.471872	3.527602	-1.388062
7161	1.5849452	0.7046885	2.320606	0.072896704	-1.5003958	2.6022303	-0.67007434
7164	-11.406246	1.9535472	-2.203933	2.9701154	2.025824	1.9142842	3.3278172
7165	-8.010081	1.5569533	7.0155315	0.83127123	1.8619548	-1.0094572	2.3836155
7169	-2.924111	-0.7755551	3.147539	0.24093242	-1.7102427	2.1950824	0.38600364
7186	-8.675778	2.096436	7.0065227	0.8356132	4.5793433	-0.80181694	-1.1879687
7202	-0.16619039	2.3927026	1.3909632	-2.0696955	-1.6281203	1.1149607	-1.7410257
7218	-11.019482	2.7765915	6.0845027	0.38038662	2.61239	-1.3140734	-0.9286703
7244	-2.054823	1.452506	4.386098	-0.30852863	-0.24495631	-0.59837097	1.5050834
7250	-4.133608	4.4328628	1.6211001	-3.0011322	1.0241307	-2.3584266	-3.440177
7273	-0.107562035	3.1583836	2.2098296	-2.5673509	-1.3318939	-1.3093158	-2.7278879
7282	7.5229125	3.602282	-0.63359284	0.8559249	0.25629	-8.35E-04	0.07723197
7288	-3.7443557	3.6728492	3.3978546	-2.4857934	-0.07477915	-2.4087436	-0.80529225
728	4.508398	3.9778373	1.6320407	-2.9471457	-3.2327151	-5.6932025	6.0693398
7305	0.9952365	0.014193989	3.1668458	0.57955235	-0.61215544	2.0373502	-0.27821407
7307	7.357737	3.4881725	2.6956437	-2.4921002	-1.1174209	-0.2824873	1.3494009
7316	1.243705	3.0017333	3.122994	-1.7794694	-0.41886532	-0.43296182	1.6797675
7320	0.09394974	3.819655	3.244412	-3.6831782	-1.6721079	-3.6563976	1.1443173
7322	-1.1618721	-2.9379241	2.200034	-0.6310117	-1.6328385	4.682892	-0.7679662
7327	-12.125586	7.6683984	-6.8963103	-1.100828	0.46196878	-0.9414989	-0.380521
7328	-6.538817	6.7755685	-3.8321095	-2.6901693	-1.0037856	-0.660072	0.99228525
7337	-1.0452793	-12.078177	-2.190643	-6.425506	1.933876	0.750976	0.66716385
7342	-4.2505155	-6.3917665	4.8194933	2.7100143	-0.94461745	2.7122092	1.6162992
7346	-3.4406414	-0.8810767	2.4352882	0.22632313	-0.31420243	3.3411417	-0.93411905
7350	11.5079565	3.5559309	0.0752754	-1.7272184	-0.061317112	2.7973318	-1.7680651
7353	5.2125936	2.9033444	1.4902472	0.384681	-0.3370354	1.2533543	2.276409
7354	6.6078463	-4.4833007	0.8045487	-1.3364494	-0.04636911	3.7753599	0.3230251
7373	4.342602	5.0887356	3.226835	-1.5260161	3.4159658	-1.9180694	0.55599636
7377	4.6226397	1.0223944	2.4546497	-2.4410145	-3.5501604	-2.1257985	3.898482
7384	1.8025422	0.97913045	2.700614	0.12944277	-0.003148343	2.1333866	1.9648539
7396	1.5025727	3.687194	4.7270303	-2.5426388	1.578608	-0.63258374	-1.3611487
7404	0.5577719	3.6104107	5.5424304	-1.5549136	2.529112	-1.5940207	0.006551437
7413	1.3357635	4.6527166	2.6660042	-1.5854092	2.1147866	-1.9301981	-2.9812686
7415	2.6768906	-4.7837434	3.938947	-1.2275063	-0.9466866	4.223066	-0.68003553
7418	4.3361726	-9.873537	-1.493657	-5.096665	0.8143446	-0.9678876	2.903657
7424	10.217464	1.8633571	1.0987529	-1.1674739	-1.1735947	2.8246868	-1.4473197
7461	7.2032237	0.30343452	-1.6752765	0.625827	-1.6166093	0.12194352	-2.503145
7477	-8.778168	3.8156366	5.4188905	-1.7263672	1.669822	-2.7730956	-1.1949784
7514	-9.881444	-9.580982	3.8783066	1.8238136	-0.6132528	3.852976	1.3015785
7515	4.814135	3.7844431	1.8754586	-3.717841	-3.5894275	-6.9955173	5.444687
7521	5.5363803	4.3869696	1.6461874	-2.0003297	-0.19408655	-0.048544724	-2.1506927
763	-11.069276	4.595605	-0.6062564	0.15688585	4.87688	0.3097841	-5.1003237
768	-25.223555	7.2725134	-4.3942957	-0.20772605	9.812269	-5.573839	-3.8886611
7917	-3.6342943	3.450576	4.694556	-3.4000041	-0.47580415	-3.7783804	3.0501566
7947	2.1658983	5.1559815	-0.14905827	-3.8138452	-3.5745194	-4.4190073	1.4369742
8077	-0.46914154	3.3852382	3.3811734	-3.2497256	-2.1052547	-4.946119	4.31684
8132	4.8479495	4.8579345	-0.58861965	-3.2674625	-4.1154385	-4.9957156	3.4185712
8231	-3.6426706	1.2392752	4.4181323	0.6400722	0.25357103	-0.20613198	0.100999124
8233	3.6966853	3.2558558	1.9723665	-3.6920872	-4.1443067	-6.152619	5.767961
8236	7.398534	-3.903586	0.86970216	0.8830853	-1.9826202	-0.68117684	-2.0875502
8239	10.866121	3.8496356	1.5471252	-2.509695	0.092862345	-2.02149	0.68082875
8244	2.0523548	4.929956	-0.7377694	-1.111332	-2.2215118	-1.6846721	0.306838
8246	4.385357	1.4101999	0.23920828	-0.22607991	-3.66974	-3.018157	2.8334146
8247	9.208447	3.5054767	-2.4649541	0.47517216	-1.2366935	2.4926453	-2.2766893
8259	3.8363335	4.6210413	-1.6906958	-0.9866949	-2.4714549	-0.20289141	-1.637315
8285	10.201541	-0.6122146	-0.5874615	1.2133684	-1.0344726	0.30147725	-3.0273037
8290	7.1325684	2.9909096	2.9073176	-1.8090903	-2.0754838	-0.07534921	-0.72199285
8326	-6.548101	-2.8134308	0.7829032	3.5762398	-1.0661415	2.4811318	-1.0830973
8337	-5.8003464	1.1511912	2.024983	-1.2588481	-4.063751	2.0006626	0.91865104
8343	0.39329603	-4.22677	4.8515177	-1.9491363	-1.0833298	4.3815436	0.16585344
8357	-7.190623	0.42175758	-5.1050673	1.2454311	-4.219979	-0.6294153	-0.897842
8365	4.8135552	-2.5821779	2.0532365	-0.2013493	-2.922855	0.52017766	-3.0336835
8386	6.9038906	4.040374	1.2404606	-2.1553776	-1.287306	1.5439246	-3.1037369
8419	-3.6071596	-0.45277497	2.9307616	1.845914	-0.48802763	1.1494966	-3.7341206
8424	-1.0006684	1.2943745	5.7365546	-2.520741	0.5562375	0.8415825	-3.2364764
870	3.506707	-3.521425	0.6690386	-0.77849036	-5.3927627	-4.7790995	2.3369768
9069	-23.51055	3.1693919	-2.0469983	2.215899	3.508851	-1.1875292	0.4893954
9070	-11.994955	-10.4103155	-6.914403	2.9666865	-0.7444474	-2.3715165	-1.7376903
9075	-3.9382582	5.0423846	-2.849374	-1.5206201	0.4918671	-0.55360645	-2.366937
9081	-7.7974706	5.8228855	-2.519641	-3.1162224	0.38092697	-1.9163662	-1.7778705
9084	12.25342	4.16049	1.0857452	-2.3920517	1.1591526	1.1774436	-0.6496307
9091	-3.6123142	2.105248	0.5018929	0.5007306	0.16848746	1.1757628	0.4313232
9095	11.427917	6.936309	-7.13598	-1.7375441	-0.57941425	0.9817095	-1.4320625
9099	-9.4013605	5.8730283	-2.5819886	-1.5568131	0.084953874	-2.2623603	-1.7975255
9103	5.903634	5.9812593	-5.274113	-1.5698497	-0.8905154	-0.27028772	-2.8994548
9104	0.13377953	1.8702345	-2.578879	-1.8254318	-3.2965183	3.2972128	-2.86233
9105	1.007581	7.3781395	-5.2065434	-2.5542827	-1.9829443	-1.276472	-4.058171
9106	0.5596672	4.050797	-1.3295089	-1.5303748	-1.1143131	-0.248683	-2.3656154
9111	-6.789446	3.5683024	1.1181965	-0.9532799	1.0774704	-1.0668607	-1.4075357
9113	13.330651	-0.6553586	-9.972676	-1.2870177	1.254487	-0.7889601	-1.7751492
9114	-8.371143	4.9984064	0.52890813	-1.1211988	3.8315072	-2.3907657	0.38844565
9115	-11.826368	3.240904	1.3466065	1.0334269	2.6288702	-0.39574116	-0.25774568
9125	9.515636	4.1381392	2.856108	-0.99444216	5.771498	0.19259387	-0.029907908
9131	17.25291	5.941457	-3.083426	-0.18800455	6.333064	0.44531366	-1.494645
9134	11.966277	4.005082	0.8904695	-0.8587307	4.2172613	1.4832761	-1.8754194
9298	-5.6825895	2.2444763	5.080276	-3.6195233	-3.516014	-5.1327457	3.3494298
9312	1.1326802	4.310527	1.0066022	-2.915129	-2.214647	-2.3236606	-0.1256044
9314	-7.5015354	3.2573974	5.413282	-4.2147136	-2.588843	-7.2733765	3.7128785
9321	14.106118	3.604305	1.5052253	2.4867294	4.616611	1.5024737	4.782774
932	1.854313	4.8143997	1.3073058	-3.5427113	-2.4665427	-5.028121	2.385908
9386	22.520657	6.5447297	-5.2735996	2.8734362	6.804911	3.5027578	3.4511552
9388	12.426214	0.6930497	4.3595843	2.8979616	4.6151953	3.951903	5.357296
9404	-2.981863	1.8976258	0.9481644	-0.4063849	-2.9074688	0.9049348	-3.0179062
9405	2.1718495	2.1928163	-0.008518801	-0.11525748	-2.4412107	2.923347	-1.8215804
9407	2.7862172	5.887636	-1.8389541	-1.1860867	-1.227639	-0.8612318	-2.7853425
9408	-2.4957137	0.8083743	4.026615	0.83141714	-0.9944781	1.5238965	0.6405256
9409	3.4018018	-5.772139	1.6890223	-3.1633685	-0.52521676	4.244758	1.251645
9421	-7.2762513	0.6335447	2.4355044	0.5358491	-2.1629686	2.1963408	0.27644345
9433	16.421001	3.0658553	2.8302164	3.2411065	5.8902087	1.6453907	5.3648815
9450	-1.6774598	3.1818428	1.0765218	-0.14125541	0.98955286	1.272112	2.0751576
9451	-2.9815369	4.421866	0.4166197	-0.49529737	-0.39256725	-0.027252313	2.2684648
9503	3.9424076	6.3506474	-2.4136136	-3.395112	-2.11551	-1.8792484	0.6968544
9506	-12.144506	1.0949551	5.545347	2.3073657	2.1402862	-0.07074384	3.5190036
9507	-1.3475178	3.7854931	-3.846379	-0.6226087	-4.137283	1.1807467	1.3378685
9508	-3.320744	3.7656765	0.37799105	-0.07446618	-0.038285486	0.2898869	3.6879742
9509	2.1558864	4.0176644	-6.0327206	-0.38015538	-3.4997504	2.129742	0.354626
9510	-10.319337	1.8001293	-0.7526114	-0.34246033	-4.747202	1.120542	1.9622443
9511	-5.996431	5.106221	-5.9027004	-2.0510054	-5.0221844	0.30546424	0.59932435
9512	-17.591154	3.2918782	-7.503684	0.18765055	-4.1272254	0.49696374	1.4995807
9513	-18.229425	0.7911193	-0.5039294	3.3495064	0.28678486	1.8002487	3.2084048
9514	-19.42857	5.3660655	-7.1342325	-0.3803919	-2.1043563	-0.9374616	2.080324
9515	2.928464	6.0845947	-5.6718674	-2.5139308	-4.310569	-1.2806339	0.03348299
9517	-11.796318	6.320259	-2.6948237	-0.6024318	0.3297976	-1.4765353	1.481418
9518	-9.727447	2.386434	-0.68023556	2.032858	1.1528329	2.193395	4.9682984
9519	-6.147019	6.36143	-3.259544	-3.5548162	-2.4090414	-2.249573	-1.0853173
9520	-2.3683844	4.106918	3.1564257	-0.24385823	0.07559465	-1.3535262	2.9236488
9521	-11.556865	4.5963583	-4.8230786	-0.7392625	-3.173843	-0.987127	1.0574589
9522	-4.272232	5.701054	-9.0872135	-1.4324594	-6.7234807	0.3276557	-1.9087352
9523	-3.7374315	2.0909636	5.634666	-0.54643995	0.4545411	-0.14978097	3.4222567
9524	-11.981131	0.70192146	-0.41417468	2.6916764	0.20605761	2.5900092	2.9322891
9525	8.66409	3.7347126	-1.6580323	0.62152207	-0.09592084	2.130232	3.4762392
9526	-21.509136	3.9683795	-5.232909	1.3249385	1.4925698	0.3576697	2.044311
9527	-10.046346	1.9799229	1.9680125	2.3048625	0.18021299	0.28347555	3.2060685
9529	5.9710426	1.6057578	1.7035711	-0.001911921	0.53606427	1.1539568	4.126365
9530	-10.267899	3.028634	-4.7537904	-0.7008463	-5.0560937	1.9188795	1.9666098
9531	-11.623443	4.5316553	-3.8338175	-1.4864632	-4.5879927	0.47352493	2.3457801
9532	6.4130425	5.2100244	-1.0513842	-1.6778675	-1.6620315	0.1987099	1.7294009
9533	-23.100878	1.9211477	-8.742532	4.8573146	1.8585533	2.1072416	3.11556
9534	-9.162312	6.0147805	-1.7152494	-0.24099523	0.7263294	-2.709616	1.364853
9535	-26.499136	6.6693783	-8.300336	2.9811506	4.9735336	-1.6963158	4.0050216
9537	-9.381473	8.134085	-8.313774	-3.2232552	-5.1826577	-2.9186685	0.71891576
9540	-8.509017	3.8710172	-1.1703917	-0.23629864	-1.6618845	-0.07533886	1.0187509
9541	-9.432867	6.234715	-4.477739	-2.90107	-3.3289478	-1.0415524	0.6388039
9542	-5.9740868	2.8759215	-4.495558	1.7058514	1.7644831	2.60501	1.8924305
9543	-20.17181	1.1969606	-2.77833	4.852854	4.0760064	3.3693354	4.9832854
9544	-18.196514	3.3985667	-0.90445995	1.7454808	0.47349152	0.55517274	2.6480649
9545	-8.194891	5.451934	-7.0213766	0.7553876	0.6186779	0.6736914	1.7569938
9546	-9.632802	6.4457717	-3.463599	-1.0215269	0.7962257	-2.4411538	1.1000843
9547	-6.4590406	5.1885915	-5.3105927	-1.6749626	-2.8084524	0.56612444	-6.79E-05
9548	-20.361221	-1.3666135	1.8869954	1.7088469	0.059640378	0.8616762	2.7208734
9549	-18.700829	4.110216	-4.156412	1.5310568	3.258299	-0.031827554	3.0921483
9550	-3.7552624	3.6684217	-2.4138856	-0.05905606	-0.6669264	0.6669369	1.0085428
9551	-10.20091	3.7521913	1.66598	-0.2258371	0.7274861	-0.5822553	1.9378111
9552	-9.17735	4.7625217	-1.9586256	-1.2959129	-0.79527426	-0.342073	2.0432131
9553	-0.468103	-0.9406569	-2.8866057	-1.0468904	-1.280811	5.3534865	1.9035907
9554	-13.697031	4.11556	-6.8729944	1.9800673	-0.35755414	2.3057215	3.3491735
9556	-2.1721108	4.583541	0.1930725	-1.1436284	-1.326255	-1.6984628	2.0016046
9557	0.05533933	1.2582499	1.4098555	0.6136768	-1.385398	2.0826774	5.027773
9558	-17.513086	0.7119396	0.48273668	3.7408104	0.36523038	0.8612265	2.734537
9559	-9.434952	3.4480362	1.2358315	0.8347279	-1.3909172	-0.17421705	3.3420746
9560	4.3395863	4.1695895	4.4959564	-2.5692658	0.020040173	0.77930236	0.6812811
9561	-14.429692	2.173051	1.4463559	3.3721573	0.7694655	1.4643966	2.8457177
9562	-3.9647388	2.1662688	0.9296208	1.6191132	1.4973714	1.3143138	5.179759
9564	9.023001	2.3319	-1.3065968	0.7634529	-0.29793715	2.9019473	3.5424333
9565	0.39412668	2.7715485	1.457589	-0.594406	-0.51027536	1.3622471	1.980651
9567	-5.1811786	3.1983597	0.9230656	1.5840329	1.0406144	-0.30410203	3.194478
9568	0.35305116	3.6418073	2.7380273	0.7855563	2.2458935	-0.9847537	4.89373
9569	-22.209862	5.3071437	-2.1144807	1.1443403	2.696226	-2.7350497	3.0905564
9573	-10.427117	5.322891	-3.706527	-1.7584054	-0.86772627	-0.3781315	2.205501
9574	-11.753812	-6.5315413	-4.2138147	-0.38171735	0.29697013	7.199385	2.5395474
9576	-6.187115	2.738829	2.767443	0.3625764	-0.8625902	-0.06854433	3.806419
9577	1.026227	-4.479661	2.8930783	1.9101733	0.6532928	4.7645097	3.2258532
9578	-17.692453	4.5913863	0.1830896	2.456811	3.535298	-2.2890959	2.475844
9579	-4.6107755	3.3728478	0.9764737	-0.8051214	-1.3038187	0.28836492	1.3046813
9581	1.462916	3.1240633	-2.610557	-0.2486421	-2.6766264	2.170245	0.5115398
9582	-4.686894	2.9802225	-0.5461715	0.9104141	0.053785786	0.71413374	2.3682415
9583	-8.927462	3.728687	-2.8998375	1.0769135	0.5595792	0.7048895	2.0014656
9584	-1.5953145	-0.42983636	-0.13179034	-0.5027048	-3.0517116	2.951737	0.2567435
9585	-9.873028	-0.43040803	2.213247	0.40169576	-2.675826	1.5555292	0.809103
9586	6.2879257	3.5365796	-1.8042789	-1.3874182	-2.2282825	0.9127529	1.8106296
9587	-5.4215627	5.3204927	2.0236773	-2.537182	0.7285529	-2.9197338	1.8824917
9588	-6.964207	-1.8400007	0.8963188	3.0181813	0.47742724	3.3678534	3.294309
9589	-3.8071806	5.3528094	1.1232696	-0.4183925	1.6741532	-1.917432	3.12134
9590	-5.215219	-2.952103	-3.6066809	-0.45723113	-1.2875096	4.628191	1.3817707
9591	-7.0108957	4.801134	-1.1648983	-0.42111096	-2.9384735	-0.29426956	0.08921182
9592	2.2390447	4.894362	-0.9648852	-0.8438652	-0.66562575	0.1908428	1.4581561
9593	20.870304	8.339217	-11.800446	1.5336684	3.574702	2.042607	0.9247078
9594	0.16595317	3.1565487	-0.49308997	1.0405514	-0.8640571	0.7413918	3.6717372
9595	-14.980117	3.457539	3.4555106	1.1198541	1.6752633	-1.2437202	3.2681942
9596	-7.301695	0.51302856	1.4899933	-5.08E-04	-0.3206793	3.0710354	1.7100015
9597	-3.1969821	3.5199378	0.32299927	-1.4157679	-2.1154199	-0.4001294	0.8957591
9598	-4.113655	3.207912	-1.3172915	1.2867385	1.7273352	1.1372998	3.6912925
9599	-7.4192553	3.4700503	-1.468447	1.229816	-2.2373536	1.3649783	0.7698028
9600	-18.20317	4.8560653	-8.147349	2.8187675	1.7439504	2.4149773	3.533874
9601	-11.829134	2.8328276	-7.5274324	1.0439932	-1.6709146	3.0851498	1.3965222
9606	13.773642	8.920307	-9.111399	1.3895935	1.7255641	-0.42601198	1.0194163
9607	-9.324934	4.256591	6.4236407	-1.2991701	8.367873	-2.601843	-3.4566948
9608	-26.244286	5.070681	-1.2568882	2.2842758	11.827402	-4.3622594	-1.5794455
9609	-15.318822	-4.764711	0.74845886	4.4904814	4.9416723	4.6170287	-3.9316492
9610	-1.1310825	6.25676	0.8117906	-3.5959058	6.4292564	-2.5463428	-6.937521
9611	-4.59176	1.9545285	-1.0373372	0.2396932	2.5676038	1.87508	-6.798385
9612	-9.988922	3.679449	1.8435327	-0.5206362	6.256887	-0.20728388	-6.4270844
9613	-6.615544	4.028602	3.904709	-2.8377864	0.1798276	-2.8347745	-1.64626
9615	-17.280535	2.4203615	5.0005574	2.1789885	8.087327	-0.67419076	-2.7590082
9616	-8.209966	3.1859863	6.148986	-0.3308745	7.952499	-1.5486935	-5.1544285
9617	-8.859112	3.1997044	4.2050557	0.6640681	7.413473	-0.03847098	-3.7762606
9619	-9.739117	5.432394	2.2006013	-2.4817865	6.377812	-2.7916944	-5.4970274
9620	-1.8915455	4.674479	1.5993767	-2.0914044	5.822851	-0.83310884	-5.2274776
9621	9.539354	0.42432466	-4.3043346	-3.4447057	3.2795403	5.543011	-6.4274845
9625	-3.9694936	-6.1629663	1.0535659	1.9028686	3.6267946	4.3759155	-2.594516
9626	-11.953222	2.85094	4.3028183	-0.5832034	6.800261	-0.8331373	-5.300476
9627	3.7847874	4.7708426	0.9148487	-0.07808976	8.005959	0.19768228	-6.0009847
9628	12.146928	7.5129156	-5.3760605	-3.8972297	5.1555767	2.370299	-7.269129
9629	-11.10169	4.0164413	4.5204554	-1.0761621	7.967663	-2.5662446	-5.979631
9631	-8.323724	5.2563663	2.1635957	-1.7013433	7.3332586	-2.13048	-5.552679
9632	-5.249962	3.7736497	6.3372607	-1.0796754	9.823721	-2.5181992	-3.0994258
9633	-17.05367	4.700326	5.0349526	-0.5083659	11.259648	-4.1556864	-6.0217934
9634	1.0079972	1.6953125	4.2955446	-0.235103	6.020574	1.4846635	-4.461548
9635	0.9105456	0.7608295	0.38490272	-1.4402298	3.4546149	3.618101	-3.98058
9636	-5.5096254	4.5096517	3.8838706	-0.82026863	8.670445	-3.0971637	-4.9313893
9637	7.9258027	3.6934516	4.841816	-1.9007553	9.8087015	0.21542074	-4.2790103
9638	0.82476187	2.8387096	6.478117	-1.7454574	4.849339	-0.9012584	-2.534514
9639	-0.24234234	1.1854584	9.832677	-1.8013151	8.533686	-0.9589145	-2.4794283
9640	-6.3859386	-7.441857	-0.59198314	-0.503474	3.9018023	3.6984606	-3.806106
9641	-7.347485	3.43487	4.309895	-0.7025224	7.4883194	-1.8714652	-3.6926775
9643	-6.448133	-0.19232386	-0.90205044	-0.7156621	2.9641643	3.322217	-5.3109107
9644	2.9726744	3.0309334	5.7628684	-2.298343	1.177183	-1.3565286	-1.4537278
9645	0.12342829	3.467172	5.4998665	-3.0855064	0.6753689	-2.2469223	-0.12636235
9646	6.8195934	5.6596074	-1.2579699	-2.992636	-1.1328974	-0.7113491	0.69999003
9647	-0.90372694	2.2171342	-0.80909514	-0.964282	-2.945583	1.3525784	1.3477942
9648	-4.5463753	0.19385082	2.6813576	-1.3282982	-1.6283033	3.5604236	-1.4325341
9649	-0.8262959	2.5838273	2.5576086	-1.7787076	-1.4717658	1.4458394	0.7358601
9651	-0.58035666	-0.5559229	-0.47066262	-2.0422814	-4.687945	3.7226732	-0.73893106
9653	-11.640436	-3.0238252	0.7100687	-0.17284474	-3.8580627	3.743057	-0.7786373
9655	8.0684805	3.9625893	0.85707265	-1.2964575	-1.2458789	1.4378234	0.7313152
9656	-8.19551	4.3251734	4.765748	-0.2414299	3.709661	-1.9805661	2.7788942
9657	-16.5675	0.08795453	1.4636928	1.6579612	-0.6133646	1.4725678	0.34426132
9658	-1.5962713	4.3321776	1.8592254	-1.8582207	0.3233706	-1.7191793	0.6894149
9659	0.58717686	4.7291517	1.9963417	-3.5305276	-0.68543625	-1.376583	1.3646199
9660	7.0594444	7.268323	-4.280436	-2.6341267	-0.2803071	0.5860156	0.17271927
9661	7.047372	5.4322953	-1.5644914	-2.4311035	-0.5378802	-1.9083735	0.53449976
9668	-1.7082626	7.067254	-2.74074	-3.0276978	1.2130473	-1.7247739	-3.5910587
9671	1.044214	3.4478152	0.30992755	-0.5772395	1.5125365	1.4123228	0.2297895
9676	-6.4808726	3.5161865	3.1501188	-0.28725925	2.4180915	-0.627816	-0.591684
9678	-3.5912147	3.709335	1.1955582	0.73567086	2.3081095	-0.12382154	-2.5264208
9679	-2.863966	3.351319	2.54796	-2.8955011	-0.055484578	0.23837192	-1.3089488
9684	-2.401295	-1.7174219	3.4355083	0.90351844	0.8782549	4.56238	0.6732497
9690	-8.628681	4.36131	-2.6260972	1.3331187	0.55161947	2.657771	-1.9994059
9693	1.0694737	3.8868256	-0.64339185	-1.0383266	-1.541954	2.843111	-4.3379416
9694	-7.282158	-2.8141372	-6.182302	0.41488385	-2.8800335	3.178615	-6.8584423
9696	-9.717853	7.3077707	-5.506171	-2.7976806	0.2810263	-0.4559547	-7.4295306
9697	4.9852858	6.547482	-2.4168136	-2.7848737	0.3375479	-0.6121262	-0.9191521
9698	5.414074	3.977567	1.9311346	-3.3261936	-0.4401891	0.98615015	-0.1911863
9699	-0.6191466	2.1068811	3.7940269	-1.2713792	-0.8856505	0.27886078	-0.18438739
9700	0.6915252	3.864362	4.172003	-3.1653686	-0.02180576	-0.15419132	-2.2107277
9701	2.4853075	3.2491136	0.7261326	-0.89536285	0.08183893	2.01579	-1.6862218
9703	-2.9224555	4.4809375	-1.0921723	-1.3216834	-0.19118822	-0.105280176	-2.5245228
9704	8.101945	5.8721185	-3.3719308	-3.1479652	-0.5207821	1.9731244	-2.5969017
9705	9.07809	-1.428813	0.015538844	-2.3572323	-0.96635056	4.8606644	0.7240848
9706	-8.618676	4.734747	2.7384777	-2.8554885	2.1110253	-2.249385	-1.5896783
9707	-3.5604627	5.7999907	0.18685597	-3.3391616	0.70298505	-2.1253502	-1.7098577
9708	-11.685845	2.9723344	0.5573701	-1.2531375	-0.6723077	0.90998214	-0.6087827
9709	-3.9346766	-0.5838945	3.0680056	1.0354528	-2.6439788	-0.26103267	-2.1380749
9710	6.573729	-1.2349834	-1.8211937	-0.76694137	-1.7539217	4.0636635	-2.8453794
9713	-12.122405	1.665054	2.2136073	-0.9525642	-2.8596854	1.1312057	-0.8040754
9714	8.150613	6.668504	-3.0100389	-2.7636302	1.4189633	-0.8642455	-1.3661605
9716	11.933245	3.9320867	0.46973956	-1.7082493	2.2853613	1.3455688	1.130395
9717	-7.453586	3.1751974	1.1929396	-0.5563724	-1.3371625	0.93237114	-1.055188
9718	5.0136094	6.1886826	-2.4025862	-3.0758867	0.8163686	-0.02091934	-2.727077
9719	-8.520696	-7.87046	1.1450644	-0.345333	-0.7385828	5.539898	-0.6557744
9721	-6.379948	5.1213274	4.1956077	-3.6921487	1.1231697	-3.79516	-1.6000458
9722	-12.118795	5.2182174	3.5044272	-2.6489053	3.1473937	-3.575091	-1.7121162
9723	-6.3781013	4.285647	3.1712656	-2.7236521	1.5998179	-1.1264514	-2.547001
9726	3.3396285	6.728032	-3.1611137	-2.2388735	-1.2545162	-1.2213506	-2.3199584
9727	-17.866062	1.9308512	1.7757758	3.255602	2.1489482	-0.9787238	2.1513343
9728	-3.9988725	-2.2222347	5.444286	-0.7690354	-0.7181546	3.0386357	-0.8675331
9729	6.15223	4.718957	2.3673494	-2.6810503	1.4881237	-1.7909074	-1.6574727
9730	1.0690845	-2.552751	2.4969976	-1.0922487	-0.67963994	5.3056874	-1.0224037
9732	7.268431	4.078337	2.1847148	-1.1574793	1.7669019	-0.42031214	-0.93662286
9733	-14.172385	3.2285883	1.3414398	-1.1410447	0.44297552	-0.60918665	-2.1561484
9736	4.078513	4.6433697	-1.4160552	-0.39232448	0.24531533	0.71696335	-3.4128501
9737	4.3623843	5.953795	-0.2257626	-3.183088	1.7280976	-0.80545586	-3.801601
9738	7.744865	6.87291	-0.98225605	-3.8645403	0.16996992	0.02214896	-3.186334
9739	5.3195214	1.5984607	-0.3760346	-2.5833447	-1.9518358	3.8691921	-3.0527465
9741	2.9136834	-0.17471746	2.971429	-0.34373626	-1.600355	2.6815255	-1.0619234
9743	-4.8142343	0.24691218	5.1170454	-1.2786767	0.19959404	-0.38687116	-4.372968
9744	0.9189403	3.8297064	0.1255013	-0.7338691	1.4825255	1.4305586	-1.7893096
9745	-0.82195646	-1.9158703	3.9164474	1.0027316	4.522413	3.732463	-3.6313705
9747	-1.9653038	4.309297	2.658469	-3.8141077	-0.41496858	-0.94184804	-2.3516598
9749	-5.3393598	3.6470401	3.752478	-2.2758467	0.8484424	-1.5813062	-1.3175398
9754	-4.2193456	3.8374264	5.3251767	-1.6783876	1.8219818	-2.923954	-1.389754
9755	-7.4756474	-3.494641	-0.54766065	-0.33073848	-2.3403227	4.7999115	-2.3950946
9756	7.1302977	4.265348	3.1974623	-0.9726175	1.9371871	-1.3294171	0.05996778
9761	-17.16577	3.9021382	-6.108804	4.4832964	2.4730718	1.5487185	3.4584565
9768	-0.5065276	1.9683717	1.519202	-1.3746169	-1.8047285	2.9399648	-1.3585873
9769	9.1149845	3.0333161	1.568194	-1.6609169	-0.28826347	1.5546076	-1.2143708
9770	2.5558565	2.0155733	3.5065987	-0.94409376	-2.057243	1.5394073	-0.8174905
9771	11.001789	3.6127405	-1.0790077	-1.3245741	-1.4337634	1.7602441	-1.3051383
9772	13.914251	6.1568165	-2.65879	-2.051312	-0.44963524	2.1823766	-0.4565039
9774	-1.5047114	-1.8905003	5.3699994	-0.9635539	-1.6655988	3.1054673	-1.8545228
9775	11.190385	3.7954342	-0.5728172	-1.4943676	-0.8624599	1.4812016	-1.5383295
9776	0.33936247	-3.0933495	3.9909759	-1.5961338	-2.78625	4.8154073	0.025772516
9777	0.82339954	0.676749	5.312273	-1.4361346	-1.6065662	2.8868532	-0.59693795
9778	10.054429	4.014059	0.34947178	-0.66032624	-0.38956317	1.2249616	1.0630478
9779	2.6326303	3.627902	3.2980232	-1.8727515	-0.80846083	0.7844736	-0.75465715
9780	11.643785	5.8409576	-3.5527508	-0.9361228	-0.21692045	0.79486716	-1.2054437
9781	1.8418248	1.3830686	5.956276	-1.3818014	-0.85926473	1.6038246	0.5863412
9782	8.454336	-0.63324565	-0.7448114	-1.3494364	-2.4788241	2.8357537	-1.2302976
9783	-1.2448825	-5.044391	3.6692963	2.2731438	0.686806	2.983582	1.9886723
9784	6.2119565	0.66653043	1.2805407	-1.3026322	-2.1430602	2.9140043	-0.6145135
9785	9.040993	3.7475464	0.66699505	-1.1123366	-0.57700586	1.3634031	0.0707124
9786	-3.1632721	-6.243736	2.8089292	-2.0671284	-1.7533324	5.9053373	-0.6136582
9787	16.330732	6.792216	-4.4898553	-0.9184465	1.2107489	2.0063207	-0.094972014
9788	3.9491072	2.3388116	4.3939395	-0.5520173	-0.7692034	1.2569841	0.33631024
9789	9.212072	3.0291421	2.8554232	-0.6494545	0.44627842	2.2939508	-0.4025338
9790	0.6445067	-0.27214617	4.862924	-0.41049632	-2.2029462	2.8626533	-0.8326726
9791	2.2827103	0.45433953	3.687982	0.90925986	-0.7879023	2.3094578	-0.4533157
9792	10.97121	3.4728923	-0.8219454	-1.5968608	-0.7985044	3.4912298	-0.70571506
9793	1.5097374	-0.4991322	4.015956	-0.49051166	-2.1967824	2.9023154	0.03392402
9794	1.321125	0.5195752	4.1883426	-1.7459972	-2.431658	2.8335865	0.119610146
9795	4.951833	-2.6028664	1.8589363	-0.5170053	-2.2378235	2.7060459	-0.6834029
9796	6.341561	-3.54E-04	1.9354016	-1.0507498	-1.6424961	3.852556	-0.4651275
9797	6.4633183	0.8902201	3.2757022	-0.996052	-1.6006868	2.807756	0.013184437
9798	-0.9744433	-1.114541	2.8551047	-1.2931379	-2.8697853	3.754895	-1.0995942
9799	14.003074	5.0825315	-1.0027626	-0.79205847	0.7628148	1.7658643	-0.30206388
9800	-0.29180518	-2.0882602	3.2925587	-0.28865188	-2.1970677	2.7205985	-1.038725
9801	3.0313377	3.7058325	3.169459	-2.7165687	-0.4408147	1.0970925	-0.96962285
9802	4.2599874	2.8798025	2.4603252	-1.9604515	-1.5753148	0.6736519	-0.007231897
9803	7.371374	1.5971253	3.4727592	-0.521663	-0.7206558	2.2922206	-0.20113398
9804	10.353755	3.3756247	0.44286856	-1.3985163	-0.66171336	1.225295	-0.15021065
9805	2.4627194	3.4089222	4.3787155	-0.4301937	1.7016255	-0.31712312	0.99484456
9806	2.3233113	-0.7832339	3.2879677	-1.366853	-2.446034	2.9179919	-0.55520827
9807	1.5297663	-2.3211222	5.4705896	0.66683424	-0.9424845	3.5174727	0.54968244
9808	9.084008	5.8133717	-0.91953063	-2.1566293	-0.5515076	-0.27498442	-1.98588
9809	-0.04175844	-4.329388	4.3147926	-1.3531939	-3.8621974	3.2118638	-0.33651242
9810	5.2030163	3.4375877	1.6444726	-1.5652183	-1.8631319	0.60379386	-0.12051196
9811	3.227106	-0.29779974	1.2825029	-0.8033223	-3.2048445	2.671055	-0.82547873
9812	7.612431	3.7913015	-0.105953366	-1.8090286	-1.0667706	1.2894089	-2.6595204
9813	3.276621	-2.4584925	4.118621	-2.5690522	-1.2581797	5.312691	0.6138488
9814	1.8893847	0.86383605	2.817652	-1.7063022	-2.480308	3.1547122	-0.953098
9815	14.608764	5.2131743	-0.64183354	-1.1219718	0.07551883	0.53376406	0.50229645
9816	14.191047	6.722253	-3.787837	-1.730714	1.3831018	0.6947626	-1.7516063
9817	-13.280232	7.115494	-7.8276353	-1.3981771	-1.8710366	-2.751209	0.87086874
9819	-1.068242	-0.2570253	-2.0712767	-0.10745668	-3.8203542	2.3217804	0.7909577
9820	-11.093355	-0.15768641	1.6518471	2.3887134	0.7226645	3.6034105	3.4625876
9821	-14.148453	4.363419	0.6791654	-0.45355454	-0.12225779	-1.6711084	1.4956005
9822	-13.690233	4.240262	-2.9362173	-0.025726367	0.64058036	-0.69432425	2.0651522
9823	13.608595	6.163863	-3.197455	-0.020994931	2.66003	0.20842434	3.4268253
9824	-9.063454	0.29037577	0.113938116	-1.7860148	-1.7526304	3.6505077	0.63193953
9825	6.826053	6.156511	-4.5440655	-1.1657438	-1.0208114	-0.11305827	1.1036838
9826	-26.3656	6.1525707	-2.2181525	1.3541826	4.6039963	-5.1234035	3.559627
9827	-1.0895846	2.3927526	0.8785201	-0.555268	-2.5073693	1.3967421	1.4957296
9830	-2.4831421	5.5728273	-1.8558831	-2.8204129	-2.4875875	0.06570633	0.27887148
9831	-23.9005	5.3310437	-8.8046875	0.92333555	-1.1667445	0.16124709	1.024019
9832	-4.8419085	5.4422593	-9.046469	-0.9097165	-1.9307958	1.2693027	0.67935956
9833	-2.7168684	5.250563	1.4994203	-2.0790153	1.181223	-2.4933364	2.375015
9834	-4.108428	6.6506557	-1.1709359	-0.6621447	2.217903	-3.0556211	1.4368675
9835	-4.5042624	4.9641275	0.7403565	-1.6971859	-0.919532	-0.6192593	1.6783861
9836	-11.95602	2.9871843	1.8369699	1.9420065	2.4868517	0.107158944	4.6533933
9837	-8.837027	3.2937763	-0.5595194	1.6857259	1.2084373	0.8902349	5.2841434
9838	-14.435991	0.83379835	2.335643	2.4405046	0.3240018	2.5199127	2.397871
9839	-1.7216942	-0.15912813	0.94494873	0.6122971	-1.7904717	2.7782073	1.5715004
9840	-8.4087105	3.766066	0.14958249	0.055575736	1.830016	-1.3256334	3.5772376
9841	0.42167136	5.892149	-1.5804875	-2.1551902	-0.4205643	0.29901522	1.1887034
9843	-2.1454725	5.7828155	-1.3758552	-2.1768064	-0.44114357	-2.1792743	2.709694
9844	-0.5970492	4.810775	2.8630116	-1.0225767	2.3015518	-1.5702555	3.8894343
9845	-7.557843	3.7880378	-1.3607452	-0.90152335	-2.5065594	0.105874844	1.7582879
9846	-5.933112	6.369731	-2.539086	-4.3121667	-3.9190414	-2.9848638	-0.3769447
9847	3.0301063	4.6182814	1.1118238	-1.9722589	1.3503438	-2.2866533	0.83738106
9848	-4.413873	5.4116993	-3.1633594	-1.7842946	-2.7766428	-0.45385736	1.1274467
9849	-8.216347	1.7696328	-1.3956293	0.58213013	-2.5664995	2.2581377	1.4001446
9850	-7.119054	3.5983784	2.3614838	0.61731035	1.1887485	-0.30617535	4.601611
9851	-11.102075	1.3769338	1.4023933	1.2737201	-1.0555214	1.8907586	1.5704968
9852	-12.970055	-3.2817347	-2.6006846	2.5670621	-0.9363509	5.161041	1.9791962
9853	-3.5582798	4.568649	1.3417253	-1.9804372	-0.6939657	-2.3398054	0.89053273
9854	-4.5757346	-4.0817137	-0.5687683	-0.12705728	-1.9463497	3.8662772	-0.18799797
9855	-9.051303	4.373334	1.615289	0.4284398	0.94082934	-1.0694917	2.622897
9856	-10.0789175	1.6450862	2.0691543	1.226398	1.3625745	0.63552135	3.7607608
9857	1.7382667	4.849453	-2.4681463	-2.0705857	-1.8793956	0.19737065	0.9497618
9858	1.1589044	1.7970403	0.9947675	-0.14680287	-1.6111265	1.0129808	2.6028295
9859	-9.741181	2.803152	1.52473	0.4743878	0.4201345	-0.41002235	2.7740424
9860	-14.755024	4.9180994	-1.7001549	-0.31738225	-0.4700577	-0.25403017	1.1353419
9861	-3.1428945	2.8399863	-0.1580136	-1.5951067	-2.171829	1.2702427	1.6602765
9862	0.9246407	-0.72477937	-1.3910658	-1.4492234	-3.328868	4.1114764	-0.1329064
9864	-11.169587	1.1465536	-0.69338244	-0.3134333	-2.1827877	2.338227	0.6649929
9866	-4.31945	7.3302007	-4.894173	-1.5841817	0.5353958	-1.8978101	1.5141189
9867	-6.8430595	1.1123937	1.4381549	0.72658926	-1.8795254	2.5599282	3.4894357
9868	-4.3422346	3.5943096	-3.200379	-0.9964852	-1.8923872	3.0410426	0.9211952
9869	-4.7838855	4.564164	-5.5629983	-0.08461795	1.0291474	2.2691336	4.21626
9870	11.6153755	3.7948368	3.9797306	-1.7303021	0.21457063	0.95560837	2.5807805
9871	-20.317684	2.5001345	-11.707709	3.1155956	1.6029044	4.364469	0.75396854
9873	-4.2510843	6.698307	-5.857286	-2.3422065	-3.886225	-0.8908998	0.46049175
9874	-7.974724	2.547337	0.8477794	-1.484274	-2.609308	1.9633325	1.4656501
9875	-2.0872169	3.7339172	2.7455182	-1.7023768	-0.5242703	-1.22612	1.1214757
9876	-1.917528	1.622828	2.6619883	1.0890712	1.5933028	1.6685612	4.317723
9877	0.40431523	3.7369032	0.608383	-2.4263654	-1.7099553	-0.042182345	-0.035867836
9878	0.16266131	4.6119294	-1.3170738	-1.7049127	-3.0585253	-0.6839153	0.28581035
9879	-16.288754	1.9295887	-10.05205	3.4599357	-0.24363968	4.416233	1.3853158
9880	-4.467197	3.7586813	-7.2478385	-1.1998608	-3.5201285	2.9161127	0.113119416
9881	-20.66295	1.5159141	-1.5027019	4.0611486	1.1032686	2.0843804	3.7021096
9882	-5.019375	2.0122285	0.34596035	-0.0625575	-3.0916507	1.179478	2.856683
9883	-1.355303	4.136713	-2.4229262	-0.9602211	-1.4693655	-0.04244875	0.571828
9885	-3.1818078	2.0124269	1.1290951	0.051627323	-1.7339942	0.2775078	2.2886345
9886	5.400278	2.6492937	0.18228972	1.055865	-0.69328165	1.9833884	3.1483307
9888	1.0860866	5.099412	-0.5878562	-2.66416	-0.9291033	-1.1299667	1.9923127
9890	-1.3864172	0.19809407	3.7503655	-0.5719767	-2.8059976	3.2512293	1.2985163
9891	-14.07838	3.0866957	-3.7058692	-0.044550754	-3.2840457	1.7517791	-0.79698586
9892	10.658978	6.2795596	-2.2089393	1.046914	1.8885653	-0.08611453	3.6688364
9894	-7.740701	4.139904	-0.63835275	1.2020833	1.4745314	0.37896684	1.3044848
9895	-11.286722	-0.89994776	2.2538223	0.87657136	-1.1463531	2.500014	1.5333134
9897	-5.060583	0.6960582	1.8835989	-0.590004	-2.1745012	3.4768906	3.639398
9898	-2.1670926	2.940523	-2.6558	-0.4036818	-3.2978191	1.5869452	1.351118
9899	-3.4012382	5.654835	-3.1158757	-1.1691093	-1.5894784	-0.48995343	1.2314997
9900	-4.1887317	5.451601	-4.390431	-1.3861897	-5.201645	0.63372946	0.14581855
9901	-14.923305	4.270148	1.2021006	-0.15246636	-0.2404236	-2.4631276	2.3520865
9902	-0.94168866	5.0393453	0.98501396	-1.2019278	1.3192345	-0.42070794	1.8762056
9903	3.5769455	6.3116584	-2.9477866	-1.6823072	0.17974882	-1.2366314	0.9572926
9904	-4.9296875	4.5275187	-1.754282	-2.4336755	-3.573794	0.19308613	0.25074527
9905	0.80388135	4.802007	-2.0330963	1.4574258	3.312292	-2.2799485	1.5374068
9906	-3.5581834	1.7494806	2.6749213	-0.7359417	0.75934166	1.4942634	-1.4925004
9908	-0.56537306	-2.9548068	0.31473938	1.1166329	-4.122959	-1.777008	-0.6721198
9910	-1.8864131	4.18285	2.3881264	-2.8723104	-1.9542044	-3.652803	0.6018865
9914	-1.1525085	-6.2565794	3.0950549	2.8199625	-2.6439269	-2.2282295	-0.25043932
9915	-2.1524808	3.1097372	5.169818	0.049238022	0.7116584	-1.4343803	2.452002
9917	6.7651634	-1.7409225	-0.2066353	0.014846012	-3.6501682	1.52165	-0.9750789
9920	8.207402	2.1704397	4.5240493	-2.2913063	-1.9984795	-2.5866084	4.5669637
9921	-4.4363246	4.4652452	-3.744606	-4.3272443	-5.972266	-0.29574525	-2.2948744
9924	2.1388543	3.7967765	2.2880423	-3.4100173	-1.568082	-1.4577265	0.4550567
9926	3.666531	2.1076524	-1.1404285	-2.0057971	-3.676599	0.50901574	-0.5118938
9928	6.10037	4.975222	3.5867763	-2.9197178	1.8453451	-0.9817185	2.397319
9929	11.093526	5.513675	-1.0854262	-2.2879474	0.003876469	-1.4115212	3.3059533
9932	-0.6092494	3.0411396	2.7273834	-2.3607671	-1.7938312	-0.5316586	1.2422922
9933	6.612994	0.8085633	-0.08481155	-1.6865531	-0.11201764	3.729683	-1.0908927
9935	-3.8226845	-4.008838	-2.727748	-2.9677022	-2.5028741	4.388624	0.58690745
9937	6.242096	5.0264215	-0.15301023	-3.3956904	-2.4631405	-1.5777327	0.64492863
9938	4.0732613	4.6701417	-1.0938379	-2.5517032	-2.662065	-2.3385625	-0.24636361
9939	6.4325533	-1.695043	0.8804811	3.1548173	2.395594	4.471649	4.543236
9941	-1.618897	0.77120006	-2.1169214	0.20605159	-4.393812	-3.9555316	-2.9425435
9942	-18.924734	0.11219997	-0.13476606	4.630468	2.2273054	2.0389373	2.1452456
9944	-11.910884	4.8403783	-6.6256576	0.042286698	-1.4214612	1.5149952	1.4199594
9945	4.73714	4.784916	-0.74700415	-1.8862935	-1.1291016	0.87894285	-0.19889683
9946	-1.9626714	7.310834	-6.3780026	-2.3932264	-4.1911855	-0.5029681	0.6368673
9947	-21.345615	8.848626	-13.799465	-0.09973033	1.3583907	-1.2044767	1.02818
9948	-6.4942946	2.87888	2.190728	-0.7000332	0.5956373	0.79030013	2.4847279
9949	-16.16119	-5.9677854	-3.8987331	4.2291327	-0.2655184	-0.002536001	0.35913944
9950	4.316262	2.581125	5.764812	1.4689938	5.0415583	-0.26948193	6.2046804
9951	4.9410048	5.1772003	2.7252011	-1.0579705	8.473015	-1.5457262	-2.6025944
9953	-0.584526	3.0272315	4.4040885	-0.931762	6.4934573	0.446763	-3.406997
9956	-15.898961	3.634501	0.5694556	1.0535798	8.1627035	-0.9386033	-4.722546
9957	-8.68589	-1.3629084	4.58119	0.35031947	4.905772	3.9571586	-5.3235517
9958	3.7594094	4.881167	2.436825	-0.44227028	7.7186112	0.513341	-3.06489
9962	7.584719	3.5258822	2.2827868	-1.7647945	0.3300043	0.32902965	1.0160478
9963	3.804643	-3.9782019	-0.6413023	-1.7229587	-2.5169816	3.5204399	-0.7115724
9964	-4.2869406	0.84583116	1.2687694	0.58118206	-3.2201664	1.7097095	0.98676354
9965	-12.387268	-10.652776	-3.589794	4.873628	-0.24516997	-2.4338589	-2.4379451
9966	-3.3464434	-0.5278448	4.053079	-0.75577766	-2.0872545	2.5457137	1.1577696
9969	12.575893	4.0215077	-2.9098897	1.5166681	-0.55481416	1.3001741	1.3259443
9973	-8.437035	0.7752832	0.6139559	1.8300134	0.82991856	2.0732594	-0.86544335
9976	-3.0689316	5.718123	-0.43662217	-3.116511	0.64353263	-3.2726004	-1.9099997
997	-3.591171	2.4025764	4.8065343	-0.4682494	0.6312622	-0.8993872	2.3087394
9980	-8.280365	-2.4065611	0.83374727	-0.92706275	-4.114301	4.325319	-0.72265255
9981	1.5680525	3.2575088	2.5290186	-2.5079508	-1.7744744	-0.6438331	0.45024887
9983	4.5578957	-0.8805505	-1.037475	-1.4364502	-3.8004441	2.7657907	-0.38076973
9985	-8.051422	-7.9999356	-0.4345739	-0.61655647	-0.38333854	4.2017083	-2.1216173
9986	7.2209673	-5.5061784	-1.4186901	-2.5220103	0.9019709	3.721512	-0.5030422
9987	-17.612764	4.1631336	-1.5401514	-1.5487283	-0.7893312	-0.362614	-1.7790388
9990	14.6992445	10.332656	-11.00391	-2.6811526	2.4639916	-2.1489277	-1.5817368
9991	0.13785382	3.3962379	-1.2543538	-1.24946	0.6371397	1.3977442	0.30862626
9996	9.875324	4.2479334	1.7727987	-0.6018509	2.0886297	-1.8513412	0.069559105
9997	-1.181916	1.6394072	4.355218	-1.4489113	-1.3089055	0.7740718	-0.09509429
9998	5.0999928	5.002058	0.2943444	-2.2279143	0.022808723	0.7037543	-0.7255207
7000	-3.5441964	-15.289365	-2.823669	-6.484061	4.9030375	-2.2817461	2.1664987
6897	2.9218638	-8.363346	-0.6244194	2.211524	-2.3615286	-2.8710668	-2.3240507
6990	2.5313008	-9.20462	-0.17495483	0.49909672	0.16320479	1.0171914	1.4300042
9759	-6.0041127	-9.022841	-6.6125393	-3.688016	1.3982677	2.1744802	-0.5645937
6997	-1.821277	-15.83611	-3.8500109	-8.011632	5.6816154	-3.6001	3.2307239
7014	0.3781682	-13.606354	-4.0082374	-8.073692	3.7433522	-2.6383867	1.3875093
7002	-4.320198	-17.057894	-4.2263026	-8.103963	5.8359146	-3.0848687	2.9595711
6903	1.9581686	-8.277321	3.9655638	-3.9823608	-0.65664405	4.7597575	0.43255082
6904	3.7845974	-4.868495	2.0109982	2.993643	-0.2591691	1.078339	0.19844295
7031	-9.661622	-11.539756	-0.50691175	-0.112512566	0.17558904	3.1614401	-0.63853276
7036	2.5022974	-10.175185	2.4293017	-5.206618	-0.19969226	3.1910937	0.2606736
7061	-1.8091764	-14.421861	-6.1264677	-7.7822366	3.4741294	-2.0837471	2.9172297
7071	-2.0619547	-15.117254	-4.1824126	-7.948887	3.838949	-2.756356	1.788975
7077	-2.9537034	-2.071719	2.0132744	1.6736828	-2.203305	0.51634556	-0.37921777
6911	-28.845802	-4.9423895	-17.409735	8.698586	10.976474	5.662948	3.5875432
7419	-3.1585212	-15.712767	-4.3078194	-8.284845	6.1650357	-4.1758513	2.9463367
766	9.365903	-8.232975	-5.1589813	-5.998606	3.9017105	0.52609074	0.12807208
7117	-0.8663971	-12.570283	-1.3001537	-3.7171416	0.78256756	1.3066597	0.79993784
7109	-0.35586458	-14.602262	-3.1040914	-9.407965	2.562314	-4.7059436	2.5397658
7126	3.965172	-10.860189	-1.2088332	-6.887124	3.189766	-2.03465	1.4052136
7133	2.3628182	-12.691535	-3.9911172	-7.8255754	3.8123996	-1.2185276	2.130875
7143	-2.8871336	-6.2723584	1.8830663	-1.1715395	0.70064956	-0.33965278	1.471349
6922	1.0520012	-13.623153	-4.5028405	-8.648813	4.0496497	-3.822011	2.2991195
7163	0.7489224	-14.720237	-1.9503431	-7.722512	4.0551863	-2.4777272	1.8838446
6924	-3.3126853	-12.227714	-1.79345	-4.3299866	-1.9175643	-0.08231352	1.3068264
7162	-6.029343	-9.7214155	1.6736915	-0.1670116	0.41229308	3.4405875	1.0590733
8311	2.686594	-13.055006	-1.584465	-7.123175	1.154393	-0.16169944	0.15980959
8420	0.5540472	-13.926561	-1.9713846	-7.3632073	3.6690543	-1.4574509	1.7106473
6926	0.83979833	-13.012044	-3.7511256	-8.947359	2.4622357	-2.5136645	1.2221946
7199	-0.2500441	-14.597149	-2.0971453	-7.8675184	3.13405	-1.247752	1.282559
6929	-0.4431643	-14.352252	-2.455685	-7.552793	5.3447094	-0.6487338	0.456946
7203	3.5224073	-13.795708	-0.40600643	-7.3415856	3.7666998	-1.465957	1.4721267
7207	2.0001338	-14.400391	-0.45033228	-8.115995	3.1197715	-1.7049595	1.3581065
7209	-1.3823371	-15.42158	-1.3300916	-7.132896	4.5418787	-0.5887505	0.69623846
7208	1.0881404	-13.6010065	-1.3365963	-7.7087116	2.3316357	-0.32530662	1.0619408
7223	12.692049	-1.8890028	-1.4542712	-1.0880748	-0.99116313	2.7259436	-2.3765733
7217	0.089047566	-12.775238	-2.430734	-6.9003253	2.1194935	-0.1777101	1.3763411
7520	6.8464947	-10.832543	-1.4452366	-7.9735527	3.6551208	-2.0509193	1.5959563
7255	4.8363895	-3.2319102	-0.89500785	3.8342726	-2.422897	-1.5670054	-1.4908159
6938	-0.77660906	-2.0063484	0.32582486	2.2219002	0.4849156	-0.4970426	-4.411406
6940	-3.754995	-4.9092317	0.5578758	0.81277853	-2.9555845	2.9684029	-1.8488256
772	0.3693864	0.8108079	-2.0637937	0.8654576	1.6583148	0.2207885	-6.260797
6945	11.194876	-3.587445	-2.002473	4.1097803	0.1471525	-1.4775461	0.007256926
7268	2.3695085	-9.490993	1.1977001	1.8181198	0.78705215	1.49608	-1.151728
7258	6.851891	0.97562253	-2.2912126	1.9374851	-1.0086696	-0.46169436	-1.7195526
7276	-0.55424523	-13.927716	-1.927909	-6.0008087	1.8114586	1.5516394	1.8014945
7280	0.65205497	-3.6097927	1.6056261	4.0336866	-1.4006034	-1.207732	0.17848992
7287	2.611493	-12.413921	-2.827009	-7.814722	4.0660214	-3.5957208	2.046058
7523	4.1017513	-7.702527	-1.4407637	2.3768525	-2.2775621	-5.215829	-0.26682544
7306	-0.48264274	-9.199659	1.1908098	0.55430233	-1.7361076	1.6082488	1.0109967
6951	2.2856069	-12.635856	-2.3716	-6.2660403	1.9032805	-1.1723199	1.3257736
6958	-0.43222627	-14.363207	-2.8950489	-8.126828	4.107549	-1.7900989	2.1702414
7314	3.552662	-12.568806	-1.775123	-7.579162	4.2772026	-2.768011	1.1343533
7319	-6.7374096	-11.481817	-3.3273432	0.4602426	-0.76373315	1.8625047	0.29429042
7323	-0.7934	-14.555001	-2.435619	-6.0231433	5.3772197	-1.7603527	0.38431624
6961	-0.7584221	-3.4226093	-5.58289	1.5872663	-3.6716747	-1.1027079	-1.1295669
7332	1.350233	-10.218169	-3.240348	-6.690045	-0.42594028	-0.18193874	0.9848902
7333	11.09651	-8.687253	-4.3703127	-5.890735	2.912068	-0.6346361	0.8674417
6963	-5.3626895	-14.49893	-6.767932	-6.747715	7.553194	-2.3196342	0.48796183
7343	-3.040336	-12.8549795	-5.482638	-4.9975758	4.171314	0.8060972	0.18813589
6967	-0.614478	-14.11441	-1.9798893	-2.5596173	1.9912511	0.55849004	1.221895
765	-7.882585	-7.0562043	-4.502159	-0.8442336	0.90477365	4.4143243	-4.9274755
7349	9.467023	-5.564347	-0.053271487	-2.3764565	-0.9797141	3.2218223	-1.0508548
6968	10.9708395	-4.412598	-4.8923416	3.6430619	0.4102383	-2.629601	-0.748082
7356	3.0999494	-5.292625	1.6412709	-1.3866696	-2.351103	0.017659154	3.5000014
7378	5.874719	-8.510312	-1.904555	-5.441948	-0.13756901	1.8233756	0.8331168
7382	14.4301	1.4627434	-5.879524	-0.018629894	-0.67678607	2.1254435	-1.5243477
7383	1.8464819	-11.03497	-0.7780807	-2.7767997	0.45433974	2.4590812	2.469589
7387	0.9189471	-14.519118	-2.841564	-8.015226	1.3148552	-3.8507464	2.3595028
7394	-4.748469	-15.34884	-3.3637693	-6.7352753	2.1702147	-0.8391782	-0.38008887
9766	1.3699702	-6.5637035	-3.031442	0.9605409	-0.5387445	-0.47126916	-5.34428
7411	7.094901	-6.3459616	-1.0133296	-0.44271892	-1.3248918	3.1235704	-1.2635231
6981	5.2929425	-2.6484833	0.48995525	2.2321627	0.69010955	0.36573642	-2.5326877
7416	7.047022	-10.257554	-3.8404758	-8.0393715	3.9604373	-3.2819462	3.738902
6984	1.8116922	-14.936363	-2.2614853	-8.419	4.3726354	-3.2915924	1.550178
1062	2.8637218	-5.6598096	-0.3249173	6.488107	-1.3886971	-2.319932	-1.8270818
1254	-7.718399	-5.096142	1.0755566	6.517876	0.66531104	-1.6525633	0.3916984
1257	-8.461311	-2.2077193	1.9540844	5.213261	0.31889877	-0.20002623	-0.17478357
1552	7.2822995	-3.0924394	2.3105867	4.278595	-0.08067013	-0.108742334	-0.22438702
5832	0.006021192	-9.01542	-0.4787981	4.39598	-0.96703446	-4.161568	-0.7070523
5856	30.472048	8.647776	-14.947312	7.4627085	8.35417	-0.33631295	2.482308
5865	1.0375843	-2.7358425	2.546176	4.244472	-0.92989784	-1.1646835	-0.6344967
5867	8.269225	-1.653037	-4.0658092	5.1671276	-0.87119246	-2.558909	-3.3457968
6011	16.536682	1.0031414	-2.8746219	5.4270597	2.29533	-0.68017197	1.8662264
6012	7.5575476	-7.6971216	0.9207997	4.7236295	1.9675766	-2.4625845	1.4683299
6013	16.44636	0.9068564	-3.2160246	5.4147077	2.089586	0.17701665	1.2703643
6016	13.694957	-4.625293	0.37256804	6.945326	3.8186216	-0.7245861	4.0384364
6021	6.1267276	-2.7101998	-0.6970776	4.063373	-1.6598561	-4.121177	-1.7806861
6030	2.490122	-1.870375	2.9139726	6.7911053	3.3072355	-0.27320588	2.4028246
6034	4.509827	-1.7766771	-0.68847406	5.207594	-2.2817395	-0.5723227	-3.1786587
6036	9.256403	0.59774965	-0.15200616	5.51221	1.7120242	-0.9738389	-0.16614714
6039	3.784247	-6.5555897	2.0005407	3.5098646	-0.8500386	-3.089992	-1.5981048
6042	-0.4640438	-2.4244857	2.9476886	3.9193947	-2.0846868	-1.9378254	-2.76634
6043	5.698299	-6.9877343	3.7342727	7.7371855	2.4344072	-0.88869756	5.3041496
6046	7.654552	-4.686228	2.5449276	7.2237115	2.7007587	0.7201179	4.512328
6069	18.78778	-1.0908152	-2.0169654	7.7287164	5.5843964	-1.719181	3.2703831
6070	12.8403425	-3.752351	4.337577	7.728144	5.221433	-0.55413103	4.986357
6071	16.444223	-2.2307098	1.3798189	7.030196	4.51505	-0.54636633	4.113749
6074	-6.1233177	-4.5391345	-1.9617298	5.36936	-2.2405114	-1.935869	-1.1283156
6076	1.574449	-5.7368836	1.092004	5.142872	-0.7556772	-2.044563	-2.555228
6085	17.608349	0.91219145	-0.31045762	4.966547	3.9185202	1.3844478	1.7454091
6088	-8.493969	-4.6558266	2.2653573	5.747686	-0.38186845	0.65504366	-0.5897435
6090	3.786827	-5.705633	-0.8614087	4.421504	-0.78632706	-0.93265784	-1.4912884
6092	4.3674517	-1.475216	1.2315503	3.329498	-1.1653124	-0.91431195	-0.64146245
6094	0.25846857	-7.410289	-0.6482431	5.0791306	-2.0499442	-4.268781	-1.7731699
6100	-3.254805	-3.6844547	2.7480924	4.305186	-2.0050032	-0.09661728	-1.6999488
6102	0.22538006	-6.3854437	1.3975127	5.525004	-1.8832035	-2.7067697	-0.9997003
6104	-0.30819643	-4.5750527	0.84171057	6.2082925	-3.5436935	-1.6036851	-2.2611842
6105	2.6307507	-8.537395	-0.12770618	2.9756823	-0.9204855	-3.5564685	-1.6445862
6109	-4.645046	-6.59651	1.3334142	5.6651425	-2.2802942	-2.0948079	-2.4180443
6113	2.532444	0.31295127	-1.300687	3.0164695	-2.8267052	-0.64550376	-2.557017
6115	2.2124865	-5.5539765	-0.43539548	5.3259954	-3.0293016	-3.7078369	-3.3371575
6122	2.6315033	-0.9759985	0.53699654	3.593357	-3.7093606	0.5463277	-2.2882283
6124	9.960802	-3.46719	-3.128451	5.181679	-1.3739406	-3.0867026	-1.8899235
6125	10.195355	1.6620047	-4.2583313	4.3633614	-2.3697653	-0.90401256	-1.954181
6126	-0.3132457	-7.885077	0.085123986	4.8134584	-2.653217	-2.6329193	-2.2009163
6128	-0.1509016	-6.605972	-0.99407774	5.8248544	-2.7829742	-3.4809878	-2.6479137
6131	2.2826943	-4.413946	0.96827716	6.0169454	-3.709724	-2.34052	-2.8783898
6134	0.5537553	-6.645837	-2.039976	4.2042336	-2.6069946	-4.0601053	-2.9254944
6136	6.146268	-6.7908344	-2.3841176	4.2128673	-1.3521569	-2.8719926	-2.290046
6142	3.8246543	-3.5090945	-1.6417795	5.7294793	-2.340628	-2.0524817	-2.4907413
6149	4.6145363	-2.73827	-0.9915294	5.08547	-2.7030642	-1.2936218	-2.846356
6150	4.534767	1.3790612	-1.0688875	3.1644754	-2.2992194	-0.5418531	-2.082753
6151	6.6746063	-4.5601077	0.4660373	3.0606954	-3.3147967	-3.2186925	-1.4112577
6153	12.488981	1.1663212	-3.9561565	2.5592012	-1.0158374	-0.67681694	1.0359465
6172	10.700787	-4.8448033	0.19800757	5.921079	1.9435819	-3.768657	2.5663047
6173	11.0772	-3.2114453	0.8517851	5.480309	1.235656	-1.0480787	2.720569
6180	1.4001108	-2.9386613	1.5310799	3.0266848	-3.025299	-1.7137686	-4.505548
6184	19.602976	1.2102201	-5.3531365	5.439846	3.1013398	-0.9466728	1.5704567
6188	-14.344486	-2.5062788	2.9177508	6.2529807	-0.35955945	-1.0478488	-1.3802156
6189	1.7705431	-4.9316616	1.1542214	4.2956567	-1.8618156	-1.4555566	-1.1735307
6191	-2.7779095	-6.461869	2.0206041	5.918308	-1.9629275	-3.1318507	-2.407333
6193	2.7931786	-3.7024152	-1.301931	6.9477243	-0.88460714	-4.251188	-2.8121345
6202	12.956144	-0.21220936	-1.9692186	5.171686	0.3910614	-2.9431305	-0.16449116
6209	11.112392	-5.252786	2.3060584	5.2671986	0.8885404	-1.295762	1.1436764
6210	12.472824	-1.1621494	-1.3295444	4.9393563	0.73375523	-1.1337495	0.09881251
6221	12.838745	-1.1814637	2.875035	6.716102	4.537031	0.101717725	4.50525
6231	18.258583	1.1141788	-1.5522326	5.619082	4.687734	0.2752268	4.346223
6235	22.48538	2.9536827	-3.852194	6.455636	5.2786627	-0.062143862	4.2395315
6237	21.985344	3.936001	-5.967225	5.0291743	4.3495426	-0.032900523	2.5548995
6238	9.701022	-6.138761	2.5812626	5.911148	2.8546572	-2.0559626	2.3545177
6242	-3.484579	-2.1585495	2.4408798	4.75044	-2.5637763	-2.0468512	-1.0633265
6243	12.428457	2.0249605	-3.464851	2.902019	0.1960253	-0.99690604	-1.9833478
6244	13.1366005	-6.146693	0.26309174	6.7533355	4.0108013	-2.6745365	3.6490576
6252	15.577812	-2.2680328	-0.71707326	6.3864603	2.0262403	-3.5912735	2.382382
6258	10.14265	-2.8780906	-1.5177219	4.3953314	-0.19858252	-1.5035552	0.018869504
6276	19.380112	-0.7024389	-1.6970665	6.299624	1.7186719	-1.9120162	1.3445138
6413	3.3017776	-2.7331295	1.9484432	5.4225483	-1.3556666	-2.4031281	-0.91780746
6913	16.913101	1.0592227	-4.697108	4.3592386	1.9853852	-0.11643445	1.2631667
6918	19.901133	0.96183133	-5.821883	6.4971733	3.3062232	-1.9685098	1.8458949
7516	7.1459785	-3.2596438	1.140342	4.5169525	-0.88149494	-2.3154523	-0.40036365
8222	-3.7180057	-4.803809	2.9018807	6.3015385	-0.1091945	-2.6152358	-1.5334525
8227	18.959032	2.0109007	-3.316552	4.012594	2.5547438	1.2012285	2.4147599
8230	6.160641	-3.4807072	-3.90962	2.6462603	-2.1212146	-3.5145187	-2.1747
8237	0.5529898	-3.0820298	0.42615864	5.3902454	-2.1357076	-1.9899927	-3.0862288
8240	-0.84557337	-8.034769	-0.8959836	4.4273868	-1.3210281	-5.408134	-1.9570563
8241	-5.6745343	-4.096894	4.3540664	4.845178	-1.3466767	0.39102113	-1.1117836
8249	-2.384751	-2.136736	2.9086883	4.8757234	-0.09150513	-0.8829987	-1.2294036
8256	-1.062154	-4.931377	0.49226588	2.9825392	-2.7741597	-1.602204	-1.9380823
8306	7.9902644	-3.5023968	-3.1371067	3.9711049	-1.4582807	-2.7023299	-1.9689977
8307	7.3816514	-1.4956499	0.84609663	5.106799	0.07577593	-0.5414629	-1.315167
8335	5.117596	-6.328561	-2.404947	3.035163	-2.3712146	-1.5805881	-1.5259204
8369	-5.771895	-2.9479823	3.886606	5.6782255	-3.0679128	-0.9085391	-0.9470713
8376	14.684492	-0.17922708	-1.5630374	4.7275686	1.9043303	0.46199352	2.384937
8387	-5.975404	-1.9356618	-1.5595019	3.2778337	-3.040515	0.108703665	-2.1914282
8422	-4.764758	-6.564406	3.179937	6.314786	-1.1560358	-2.2204742	-2.3692546
8426	1.8821299	-4.6397233	1.3639321	4.5033345	-1.5632741	-1.5469904	-1.7460865
9058	4.4863963	-4.263451	2.342313	6.1886373	0.20282246	-1.4297006	1.7364272
9323	15.241964	-1.4633778	0.48874936	7.450817	3.391544	-1.2986057	2.9533522
9332	16.686026	0.08300735	-0.031894993	6.6419687	4.05695	-0.27815142	4.028286
9339	6.840989	-1.7246673	-0.20703731	2.9660568	-1.4496359	-0.6898341	-2.025742
9343	0.97940755	-0.6526822	4.656256	3.0786383	1.2654486	-1.0443254	2.5747693
9352	-0.1382711	-1.6692312	2.7114716	5.609351	0.48216528	-1.345096	-1.0840529
9353	-1.1087037	-2.5987782	3.266073	5.3644543	0.4131631	-1.1022177	-1.0223632
9363	13.978166	-3.2237072	1.3187909	9.262622	5.6877265	-2.814616	4.4000654
9369	5.5523663	-4.5959253	-1.1028229	5.60652	-1.0822073	-3.50179	-1.9904583
9381	-11.318007	-3.3888729	-1.1970588	6.321746	-1.9517094	-3.09563	-0.18493018
9382	-3.9909587	-3.213306	0.29675356	6.4542165	-0.4644642	-1.6398007	0.6345673
9383	-3.4571004	-3.395028	-1.0168436	5.328868	-1.5988344	-2.1297715	-0.12065256
9391	4.3876576	-3.7862368	-0.7301081	4.330048	-1.8305671	-2.942554	-2.8732548
9394	7.0376043	-0.07364036	-1.2810405	3.6304984	-1.4967467	-1.0005578	-0.73823726
9399	3.0648956	-3.21626	-0.31890452	5.934397	-1.9008565	-1.895264	-1.4387393
9402	-3.566356	-6.716283	-1.006352	5.026206	-1.9255909	-1.9245073	-2.4180245
9412	-1.2035508	-5.9980545	0.11900609	4.582922	-2.79993	-3.3717566	-3.7211404
9413	-1.6966532	-4.5739856	0.03720478	5.1685	-3.3449528	-3.3759553	-3.8654175
9416	13.59787	-0.6564557	-2.9099917	4.344523	-0.98088855	-1.685282	-0.8120074
9427	13.553255	0.028328562	-0.79427385	4.4638424	2.771472	-0.09803772	3.292969
9436	-1.5656672	-0.03124032	1.2843615	4.1036825	-0.51987493	-1.2904875	-0.27443096
9452	-0.9105347	1.3643115	-1.485832	3.207535	-0.813735	-1.1042038	0.4524541
9454	-0.94284576	-4.7915287	-0.99004316	4.633046	-1.6891345	-1.5150874	-1.7416967
9481	1.6186622	-6.9665885	0.9732064	4.6492095	-1.8365122	-1.8470299	-0.78776705
991	-0.3123971	-6.254291	0.87965554	6.4072614	-1.2480873	-2.070302	-1.0213554
992	1.0914538	-0.72894245	2.2319608	4.2067857	-0.6175202	0.42631975	-0.5566746
